1.57518e-07 -8.68373e-07 -9.85324e-07 -7.61649e-07 -7.17759e-07 -7.96121e-07 -8.07911e-07 -7.18648e-07 -5.63888e-07 -4.19736e-07 -3.2431e-07 -2.40117e-07 -1.42432e-07 -5.13492e-08 -1.24765e-08 1.46754e-08 -1.82213e-08 -5.39162e-08 -5.2388e-08 -3.15314e-08 -3.72454e-08 -6.11949e-08 -6.274e-08 -9.38717e-08 -8.1041e-08 -7.25533e-08 -9.40967e-08 -8.74947e-08 -4.23142e-08 -2.25092e-08 -8.68373e-07 6.26445e-05 8.25484e-05 8.45932e-05 7.97053e-05 7.45574e-05 6.68111e-05 5.81426e-05 4.90551e-05 4.05692e-05 3.40345e-05 2.80891e-05 2.26182e-05 1.79599e-05 1.4641e-05 1.23881e-05 1.05874e-05 9.02174e-06 7.29397e-06 5.65481e-06 4.26161e-06 3.46195e-06 2.92918e-06 2.67429e-06 2.28617e-06 1.99478e-06 2.17411e-06 2.38715e-06 1.80695e-06 1.24745e-06 -9.85324e-07 8.25484e-05 0.00010906 0.000112174 0.000105663 9.86029e-05 8.8152e-05 7.66341e-05 6.46426e-05 5.34545e-05 4.48443e-05 3.70201e-05 2.98527e-05 2.37503e-05 1.93793e-05 1.64036e-05 1.39682e-05 1.18521e-05 9.55915e-06 7.4037e-06 5.55074e-06 4.47598e-06 3.77176e-06 3.40284e-06 2.90216e-06 2.52228e-06 2.73998e-06 3.02368e-06 2.29173e-06 1.57293e-06 -7.61649e-07 8.45932e-05 0.000112174 0.000115982 0.000109212 0.000101576 9.05163e-05 7.85812e-05 6.62798e-05 5.48145e-05 4.59933e-05 3.79892e-05 3.07045e-05 2.45053e-05 2.0027e-05 1.69675e-05 1.43738e-05 1.21199e-05 9.74269e-06 7.53911e-06 5.61082e-06 4.47197e-06 3.74488e-06 3.31394e-06 2.81696e-06 2.43425e-06 2.62771e-06 2.9251e-06 2.22804e-06 1.51882e-06 -7.17759e-07 7.97053e-05 0.000105663 0.000109212 0.000102844 9.568e-05 8.52904e-05 7.40616e-05 6.24839e-05 5.16905e-05 4.33803e-05 3.58364e-05 2.89678e-05 2.31248e-05 1.89025e-05 1.60205e-05 1.35765e-05 1.14503e-05 9.20822e-06 7.1302e-06 5.31057e-06 4.2329e-06 3.54578e-06 3.13846e-06 2.66948e-06 2.30909e-06 2.4908e-06 2.77301e-06 2.11835e-06 1.44867e-06 -7.96121e-07 7.45574e-05 9.86029e-05 0.000101576 9.568e-05 8.9209e-05 7.96951e-05 6.92734e-05 5.84623e-05 4.8375e-05 4.06015e-05 3.35357e-05 2.70758e-05 2.15812e-05 1.76285e-05 1.49383e-05 1.27013e-05 1.07528e-05 8.66723e-06 6.71911e-06 5.02919e-06 4.03554e-06 3.39359e-06 3.03793e-06 2.59048e-06 2.25025e-06 2.43455e-06 2.69709e-06 2.0601e-06 1.41855e-06 -8.07911e-07 6.68111e-05 8.8152e-05 9.05163e-05 8.52904e-05 7.96951e-05 7.13534e-05 6.20922e-05 5.24307e-05 4.34071e-05 3.64424e-05 3.01017e-05 2.4282e-05 1.93344e-05 1.57875e-05 1.33818e-05 1.14142e-05 9.69637e-06 7.83423e-06 6.08358e-06 4.57586e-06 3.69201e-06 3.11543e-06 2.81471e-06 2.40643e-06 2.0994e-06 2.27484e-06 2.51091e-06 1.92347e-06 1.33577e-06 -7.18648e-07 5.81426e-05 7.66341e-05 7.85812e-05 7.40616e-05 6.92734e-05 6.20922e-05 5.40714e-05 4.5688e-05 3.78526e-05 3.17937e-05 2.62707e-05 2.11934e-05 1.68808e-05 1.3789e-05 1.16972e-05 9.99084e-06 8.49645e-06 6.87351e-06 5.34641e-06 4.03108e-06 3.25569e-06 2.7505e-06 2.48971e-06 2.13209e-06 1.86487e-06 2.01831e-06 2.22703e-06 1.71645e-06 1.20065e-06 -5.63888e-07 4.90551e-05 6.46426e-05 6.62798e-05 6.24839e-05 5.84623e-05 5.24307e-05 4.5688e-05 3.86497e-05 3.20658e-05 2.69578e-05 2.2294e-05 1.80069e-05 1.43722e-05 1.1756e-05 9.9913e-06 8.53443e-06 7.25156e-06 5.87118e-06 4.57864e-06 3.45598e-06 2.78212e-06 2.34913e-06 2.11635e-06 1.81537e-06 1.59163e-06 1.71431e-06 1.89728e-06 1.4817e-06 1.04714e-06 -4.19736e-07 4.05692e-05 5.34545e-05 5.48145e-05 5.16905e-05 4.8375e-05 4.34071e-05 3.78526e-05 3.20658e-05 2.66475e-05 2.2427e-05 1.85662e-05 1.50185e-05 1.20174e-05 9.84621e-06 8.38677e-06 7.16309e-06 6.07875e-06 4.92568e-06 3.85275e-06 2.91098e-06 2.33356e-06 1.96869e-06 1.76258e-06 1.51469e-06 1.33149e-06 1.42569e-06 1.58393e-06 1.25626e-06 8.97993e-07 -3.2431e-07 3.40345e-05 4.48443e-05 4.59933e-05 4.33803e-05 4.06015e-05 3.64424e-05 3.17937e-05 2.69578e-05 2.2427e-05 1.88886e-05 1.56476e-05 1.26706e-05 1.01561e-05 8.33038e-06 7.10592e-06 6.06813e-06 5.14479e-06 4.17085e-06 3.26858e-06 2.47088e-06 1.97498e-06 1.66508e-06 1.48419e-06 1.27693e-06 1.1243e-06 1.19907e-06 1.33572e-06 1.07014e-06 7.70417e-07 -2.40117e-07 2.80891e-05 3.70201e-05 3.79892e-05 3.58364e-05 3.35357e-05 3.01017e-05 2.62707e-05 2.2294e-05 1.85662e-05 1.56476e-05 1.29716e-05 1.05154e-05 8.44389e-06 6.93389e-06 5.92301e-06 5.05545e-06 4.28074e-06 3.47114e-06 2.72491e-06 2.05991e-06 1.6408e-06 1.38193e-06 1.22518e-06 1.05505e-06 9.30065e-07 9.87754e-07 1.10373e-06 8.93059e-07 6.46989e-07 -1.42432e-07 2.26182e-05 2.98527e-05 3.07045e-05 2.89678e-05 2.70758e-05 2.4282e-05 2.11934e-05 1.80069e-05 1.50185e-05 1.26706e-05 1.05154e-05 8.54324e-06 6.88363e-06 5.66407e-06 4.84893e-06 4.13003e-06 3.48501e-06 2.82429e-06 2.22199e-06 1.67658e-06 1.32484e-06 1.11239e-06 9.73485e-07 8.38793e-07 7.39801e-07 7.79328e-07 8.76917e-07 7.21199e-07 5.26664e-07 -5.13492e-08 1.79599e-05 2.37503e-05 2.45053e-05 2.31248e-05 2.15812e-05 1.93344e-05 1.68808e-05 1.43722e-05 1.20174e-05 1.01561e-05 8.44389e-06 6.88363e-06 5.5757e-06 4.60228e-06 3.95377e-06 3.35827e-06 2.81982e-06 2.28403e-06 1.8037e-06 1.35798e-06 1.06043e-06 8.86453e-07 7.60492e-07 6.56187e-07 5.79624e-07 6.02485e-07 6.85496e-07 5.7918e-07 4.28783e-07 -1.24765e-08 1.4641e-05 1.93793e-05 2.0027e-05 1.89025e-05 1.76285e-05 1.57875e-05 1.3789e-05 1.1756e-05 9.84621e-06 8.33038e-06 6.93389e-06 5.66407e-06 4.60228e-06 3.80599e-06 3.27681e-06 2.7796e-06 2.32782e-06 1.88543e-06 1.49264e-06 1.12291e-06 8.71039e-07 7.26428e-07 6.16118e-07 5.32255e-07 4.70839e-07 4.85339e-07 5.55904e-07 4.77766e-07 3.56911e-07 1.46754e-08 1.23881e-05 1.64036e-05 1.69675e-05 1.60205e-05 1.49383e-05 1.33818e-05 1.16972e-05 9.9913e-06 8.38677e-06 7.10592e-06 5.92301e-06 4.84893e-06 3.95377e-06 3.27681e-06 2.82883e-06 2.39798e-06 2.0039e-06 1.62409e-06 1.29016e-06 9.71007e-07 7.48494e-07 6.23126e-07 5.22847e-07 4.52674e-07 4.0163e-07 4.10166e-07 4.72967e-07 4.14832e-07 3.13643e-07 -1.82213e-08 1.05874e-05 1.39682e-05 1.43738e-05 1.35765e-05 1.27013e-05 1.14142e-05 9.99084e-06 8.53443e-06 7.16309e-06 6.06813e-06 5.05545e-06 4.13003e-06 3.35827e-06 2.7796e-06 2.39798e-06 2.04191e-06 1.71571e-06 1.39452e-06 1.10849e-06 8.39382e-07 6.53875e-07 5.4741e-07 4.68269e-07 4.06303e-07 3.61861e-07 3.72833e-07 4.25672e-07 3.69405e-07 2.79534e-07 -5.39162e-08 9.02174e-06 1.18521e-05 1.21199e-05 1.14503e-05 1.07528e-05 9.69637e-06 8.49645e-06 7.25156e-06 6.07875e-06 5.14479e-06 4.28074e-06 3.48501e-06 2.81982e-06 2.32782e-06 2.0039e-06 1.71571e-06 1.45213e-06 1.1837e-06 9.39945e-07 7.16438e-07 5.66259e-07 4.77301e-07 4.18633e-07 3.63658e-07 3.24676e-07 3.3888e-07 3.81968e-07 3.24846e-07 2.4467e-07 -5.2388e-08 7.29397e-06 9.55915e-06 9.74269e-06 9.20822e-06 8.66723e-06 7.83423e-06 6.87351e-06 5.87118e-06 4.92568e-06 4.17085e-06 3.47114e-06 2.82429e-06 2.28403e-06 1.88543e-06 1.62409e-06 1.39452e-06 1.1837e-06 9.6702e-07 7.69254e-07 5.88807e-07 4.6739e-07 3.95078e-07 3.49148e-07 3.03929e-07 2.72239e-07 2.84603e-07 3.19777e-07 2.72328e-07 2.06128e-07 -3.15314e-08 5.65481e-06 7.4037e-06 7.53911e-06 7.1302e-06 6.71911e-06 6.08358e-06 5.34641e-06 4.57864e-06 3.85275e-06 3.26858e-06 2.72491e-06 2.22199e-06 1.8037e-06 1.49264e-06 1.29016e-06 1.10849e-06 9.39945e-07 7.69254e-07 6.14792e-07 4.7173e-07 3.72714e-07 3.14909e-07 2.76381e-07 2.41379e-07 2.17209e-07 2.25257e-07 2.5429e-07 2.21071e-07 1.69672e-07 -3.72454e-08 4.26161e-06 5.55074e-06 5.61082e-06 5.31057e-06 5.02919e-06 4.57586e-06 4.03108e-06 3.45598e-06 2.91098e-06 2.47088e-06 2.05991e-06 1.67658e-06 1.35798e-06 1.12291e-06 9.71007e-07 8.39382e-07 7.16438e-07 5.88807e-07 4.7173e-07 3.64915e-07 2.91319e-07 2.47607e-07 2.21161e-07 1.93754e-07 1.75227e-07 1.82773e-07 2.04728e-07 1.77279e-07 1.36745e-07 -6.11949e-08 3.46195e-06 4.47598e-06 4.47197e-06 4.2329e-06 4.03554e-06 3.69201e-06 3.25569e-06 2.78212e-06 2.33356e-06 1.97498e-06 1.6408e-06 1.32484e-06 1.06043e-06 8.71039e-07 7.48494e-07 6.53875e-07 5.66259e-07 4.6739e-07 3.72714e-07 2.91319e-07 2.39077e-07 2.05507e-07 1.91422e-07 1.67587e-07 1.51586e-07 1.61781e-07 1.77544e-07 1.47305e-07 1.11843e-07 -6.274e-08 2.92918e-06 3.77176e-06 3.74488e-06 3.54578e-06 3.39359e-06 3.11543e-06 2.7505e-06 2.34913e-06 1.96869e-06 1.66508e-06 1.38193e-06 1.11239e-06 8.86453e-07 7.26428e-07 6.23126e-07 5.4741e-07 4.77301e-07 3.95078e-07 3.14909e-07 2.47607e-07 2.05507e-07 1.7754e-07 1.68084e-07 1.47274e-07 1.33425e-07 1.43417e-07 1.56267e-07 1.28132e-07 9.70539e-08 -9.38717e-08 2.67429e-06 3.40284e-06 3.31394e-06 3.13846e-06 3.03793e-06 2.81471e-06 2.48971e-06 2.11635e-06 1.76258e-06 1.48419e-06 1.22518e-06 9.73485e-07 7.60492e-07 6.16118e-07 5.22847e-07 4.68269e-07 4.18633e-07 3.49148e-07 2.76381e-07 2.21161e-07 1.91422e-07 1.68084e-07 1.68138e-07 1.47248e-07 1.33489e-07 1.47391e-07 1.56769e-07 1.21794e-07 9.03549e-08 -8.1041e-08 2.28617e-06 2.90216e-06 2.81696e-06 2.66948e-06 2.59048e-06 2.40643e-06 2.13209e-06 1.81537e-06 1.51469e-06 1.27693e-06 1.05505e-06 8.38793e-07 6.56187e-07 5.32255e-07 4.52674e-07 4.06303e-07 3.63658e-07 3.03929e-07 2.41379e-07 1.93754e-07 1.67587e-07 1.47274e-07 1.47248e-07 1.29206e-07 1.17463e-07 1.2933e-07 1.37699e-07 1.0803e-07 8.08013e-08 -7.25533e-08 1.99478e-06 2.52228e-06 2.43425e-06 2.30909e-06 2.25025e-06 2.0994e-06 1.86487e-06 1.59163e-06 1.33149e-06 1.1243e-06 9.30065e-07 7.39801e-07 5.79624e-07 4.70839e-07 4.0163e-07 3.61861e-07 3.24676e-07 2.72239e-07 2.17209e-07 1.75227e-07 1.51586e-07 1.33425e-07 1.33489e-07 1.17463e-07 1.07216e-07 1.17651e-07 1.25374e-07 9.95959e-08 7.53002e-08 -9.40967e-08 2.17411e-06 2.73998e-06 2.62771e-06 2.4908e-06 2.43455e-06 2.27484e-06 2.01831e-06 1.71431e-06 1.42569e-06 1.19907e-06 9.87754e-07 7.79328e-07 6.02485e-07 4.85339e-07 4.10166e-07 3.72833e-07 3.3888e-07 2.84603e-07 2.25257e-07 1.82773e-07 1.61781e-07 1.43417e-07 1.47391e-07 1.2933e-07 1.17651e-07 1.31141e-07 1.38071e-07 1.05606e-07 7.82372e-08 -8.74947e-08 2.38715e-06 3.02368e-06 2.9251e-06 2.77301e-06 2.69709e-06 2.51091e-06 2.22703e-06 1.89728e-06 1.58393e-06 1.33572e-06 1.10373e-06 8.76917e-07 6.85496e-07 5.55904e-07 4.72967e-07 4.25672e-07 3.81968e-07 3.19777e-07 2.5429e-07 2.04728e-07 1.77544e-07 1.56267e-07 1.56769e-07 1.37699e-07 1.25374e-07 1.38071e-07 1.4686e-07 1.15403e-07 8.65635e-08 -4.23142e-08 1.80695e-06 2.29173e-06 2.22804e-06 2.11835e-06 2.0601e-06 1.92347e-06 1.71645e-06 1.4817e-06 1.25626e-06 1.07014e-06 8.93059e-07 7.21199e-07 5.7918e-07 4.77766e-07 4.14832e-07 3.69405e-07 3.24846e-07 2.72328e-07 2.21071e-07 1.77279e-07 1.47305e-07 1.28132e-07 1.21794e-07 1.0803e-07 9.95959e-08 1.05606e-07 1.15403e-07 9.93801e-08 7.84133e-08 -2.25092e-08 1.24745e-06 1.57293e-06 1.51882e-06 1.44867e-06 1.41855e-06 1.33577e-06 1.20065e-06 1.04714e-06 8.97993e-07 7.70417e-07 6.46989e-07 5.26664e-07 4.28783e-07 3.56911e-07 3.13643e-07 2.79534e-07 2.4467e-07 2.06128e-07 1.69672e-07 1.36745e-07 1.11843e-07 9.70539e-08 9.03549e-08 8.08013e-08 7.53002e-08 7.82372e-08 8.65635e-08 7.84133e-08 6.3697e-08 
4.12997e-05 -4.22522e-05 -8.39713e-05 -0.000106641 -0.000119264 -0.000125126 -0.000123495 -0.00011825 -0.00011292 -0.000108678 -0.000106046 -0.000104336 -0.000101437 -9.58518e-05 -9.03787e-05 -8.60207e-05 -8.22526e-05 -7.91161e-05 -7.54797e-05 -7.36217e-05 -7.28489e-05 -7.20923e-05 -6.93657e-05 -6.64543e-05 -6.54524e-05 -6.68251e-05 -7.02032e-05 -7.21369e-05 -7.01334e-05 -6.59555e-05 -4.22522e-05 0.000114847 0.000184136 0.000221162 0.000237488 0.000233108 0.000215165 0.000193864 0.000174742 0.000160039 0.000149758 0.000144238 0.000137717 0.000126933 0.000115721 0.000106284 9.91468e-05 9.33829e-05 8.72688e-05 8.39646e-05 8.17925e-05 7.97412e-05 7.60567e-05 7.16237e-05 7.04273e-05 7.18986e-05 7.68797e-05 7.84895e-05 7.4573e-05 6.95845e-05 -8.39713e-05 0.000184136 0.00030916 0.000379201 0.000412348 0.000409495 0.000382905 0.000349338 0.000318737 0.000295275 0.000279038 0.000270585 0.00025981 0.000240819 0.000220952 0.000204303 0.000191374 0.000180827 0.000169562 0.000163646 0.000160053 0.000156629 0.000149734 0.000141401 0.000139115 0.000142074 0.0001513 0.000154668 0.000147908 0.000138284 -0.000106641 0.000221162 0.000379201 0.000471036 0.000515532 0.000513167 0.000481259 0.000440329 0.000402798 0.00037417 0.00035438 0.000344521 0.000331462 0.000307512 0.000282159 0.000260868 0.000244207 0.000230552 0.000216038 0.000208546 0.000204091 0.000199826 0.000191095 0.000180322 0.000177432 0.000181262 0.000192992 0.000197272 0.000188883 0.000176628 -0.000119264 0.000237488 0.000412348 0.000515532 0.000566165 0.00056469 0.000530788 0.000486704 0.000446124 0.000415235 0.000393916 0.000383504 0.000369385 0.000342972 0.000314892 0.000291306 0.000272757 0.000257519 0.000241335 0.000233048 0.000228194 0.000223536 0.000213835 0.000201787 0.000198572 0.000202883 0.000215918 0.000220727 0.000211542 0.000197863 -0.000125126 0.000233108 0.000409495 0.000513167 0.00056469 0.000565629 0.000533992 0.000491626 0.000452418 0.000422519 0.000401996 0.000391859 0.000377844 0.000351473 0.000323581 0.000300237 0.000281741 0.000266525 0.000250257 0.00024194 0.000237195 0.000232635 0.000222694 0.000210504 0.000207174 0.000211659 0.000224914 0.00023006 0.000220879 0.000206732 -0.000123495 0.000215165 0.000382905 0.000481259 0.000530788 0.000533992 0.000506363 0.000468094 0.000432463 0.000405248 0.000386676 0.000377413 0.000364322 0.000339498 0.000313365 0.000291572 0.000274167 0.000259827 0.000244398 0.000236528 0.000232161 0.000227954 0.000218357 0.00020672 0.000203472 0.000207868 0.000220575 0.000225743 0.000217097 0.000203316 -0.00011825 0.000193864 0.000349338 0.000440329 0.000486704 0.000491626 0.000468094 0.000434332 0.000402707 0.000378512 0.000362098 0.000353836 0.000341905 0.000319112 0.000295217 0.000275356 0.000259377 0.000246191 0.000231923 0.000224661 0.000220735 0.000216947 0.00020793 0.000197104 0.000194026 0.000198211 0.000210075 0.000215096 0.000207156 0.000194106 -0.00011292 0.000174742 0.000318737 0.000402798 0.000446124 0.000452418 0.000432463 0.000402707 0.000374657 0.000353158 0.000338664 0.000331289 0.000320412 0.000299493 0.000277661 0.000259576 0.00024492 0.000232809 0.000219629 0.000212933 0.000209406 0.000205995 0.000197535 0.000187478 0.000184565 0.000188539 0.000199603 0.000204461 0.00019717 0.000184837 -0.000108678 0.000160039 0.000295275 0.00037417 0.000415235 0.000422519 0.000405248 0.000378512 0.000353158 0.000333699 0.000320653 0.000313967 0.000303903 0.000284406 0.000264123 0.000247368 0.000233703 0.000222395 0.000210034 0.000203768 0.000200541 0.000197415 0.000189385 0.000179908 0.000177126 0.000180936 0.000191388 0.00019611 0.000189316 0.000177541 -0.000106046 0.000149758 0.000279038 0.00035438 0.000393916 0.000401996 0.000386676 0.000362098 0.000338664 0.000320653 0.000308641 0.000302438 0.000292936 0.00027442 0.000255215 0.000239389 0.000226411 0.00021566 0.00020386 0.000197888 0.000194873 0.000191949 0.000184204 0.00017512 0.000172421 0.000176127 0.000186168 0.000190813 0.000184361 0.000172947 -0.000104336 0.000144238 0.000270585 0.000344521 0.000383504 0.000391859 0.000377413 0.000353836 0.000331289 0.000313967 0.000302438 0.000296514 0.000287319 0.000269266 0.000250528 0.000235094 0.000222404 0.000211882 0.000200328 0.000194496 0.000191579 0.000188746 0.000181154 0.000172246 0.000169597 0.000173246 0.000183081 0.000187663 0.000181385 0.000170174 -0.000101437 0.000137717 0.00025981 0.000331462 0.000369385 0.000377844 0.000364322 0.000341905 0.000320412 0.000303903 0.000292936 0.000287319 0.000278504 0.000261095 0.000243022 0.000228142 0.00021588 0.000205707 0.000194527 0.000188896 0.000186102 0.000183385 0.00017603 0.000167398 0.000164828 0.000168377 0.000177899 0.000182363 0.00017632 0.000165437 -9.58518e-05 0.000126933 0.000240819 0.000307512 0.000342972 0.000351473 0.000339498 0.000319112 0.000299493 0.000284406 0.00027442 0.000269266 0.000261095 0.000244926 0.000228181 0.000214419 0.000203041 0.000193594 0.000183184 0.000177942 0.000175374 0.000172875 0.000165974 0.000157916 0.000155496 0.000158841 0.000167749 0.000171989 0.000166371 0.000156132 -9.03787e-05 0.000115721 0.000220952 0.000282159 0.000314892 0.000323581 0.000313365 0.000295217 0.000277661 0.000264123 0.000255215 0.000250528 0.000243022 0.000228181 0.000212895 0.00020037 0.000189963 0.000181319 0.000171744 0.000166918 0.000164596 0.000162335 0.000155901 0.00014846 0.000146191 0.000149326 0.000157593 0.000161622 0.000156451 0.000146863 -8.60207e-05 0.000106284 0.000204303 0.000260868 0.000291306 0.000300237 0.000291572 0.000275356 0.000259576 0.000247368 0.000239389 0.000235094 0.000228142 0.000214419 0.00020037 0.000188899 0.000179317 0.000171354 0.000162481 0.000158004 0.000155893 0.000153835 0.000147783 0.000140858 0.000138711 0.000141677 0.000149412 0.000153278 0.000148481 0.000139422 -8.22526e-05 9.91468e-05 0.000191374 0.000244207 0.000272757 0.000281741 0.000274167 0.000259377 0.00024492 0.000233703 0.000226411 0.000222404 0.00021588 0.000203041 0.000189963 0.000179317 0.000170388 0.000162966 0.000154656 0.000150457 0.000148506 0.000146603 0.000140866 0.00013436 0.000132315 0.000135137 0.00014244 0.000146157 0.000141655 0.000133041 -7.91161e-05 9.33829e-05 0.000180827 0.000230552 0.000257519 0.000266525 0.000259827 0.000246191 0.000232809 0.000222395 0.00021566 0.000211882 0.000205707 0.000193594 0.000181319 0.000171354 0.000162966 0.000155993 0.00014815 0.00014418 0.00014236 0.000140584 0.000135108 0.000128951 0.000126991 0.000129692 0.000136636 0.000140231 0.00013597 0.000127725 -7.54797e-05 8.72688e-05 0.000169562 0.000216038 0.000241335 0.000250257 0.000244398 0.000231923 0.000219629 0.000210034 0.00020386 0.000200328 0.000194527 0.000183184 0.000171744 0.000162481 0.000154656 0.00014815 0.000140801 0.000137076 0.00013539 0.000133744 0.000128558 0.000122772 0.000120908 0.000123474 0.000130028 0.000133474 0.000129471 0.000121643 -7.36217e-05 8.39646e-05 0.000163646 0.000208546 0.000233048 0.00024194 0.000236528 0.000224661 0.000212933 0.000203768 0.000197888 0.000194496 0.000188896 0.000177942 0.000166918 0.000158004 0.000150457 0.00014418 0.000137076 0.000133473 0.000131857 0.000130278 0.000125239 0.000119637 0.000117822 0.000120321 0.000126677 0.000130046 0.000126178 0.00011856 -7.28489e-05 8.17925e-05 0.000160053 0.000204091 0.000228194 0.000237195 0.000232161 0.000220735 0.000209406 0.000200541 0.000194873 0.000191579 0.000186102 0.000175374 0.000164596 0.000155893 0.000148506 0.00014236 0.00013539 0.000131857 0.000130286 0.000128751 0.000123784 0.000118279 0.000116486 0.000118955 0.00012521 0.000128552 0.000124762 0.000117241 -7.20923e-05 7.97412e-05 0.000156629 0.000199826 0.000223536 0.000232635 0.000227954 0.000216947 0.000205995 0.000197415 0.000191949 0.000188746 0.000183385 0.000172875 0.000162335 0.000153835 0.000146603 0.000140584 0.000133744 0.000130278 0.000128751 0.000127257 0.000122361 0.00011695 0.000115179 0.000117619 0.000123775 0.000127091 0.000123375 0.000115948 -6.93657e-05 7.60567e-05 0.000149734 0.000191095 0.000213835 0.000222694 0.000218357 0.00020793 0.000197535 0.000189385 0.000184204 0.000181154 0.00017603 0.000165974 0.000155901 0.000147783 0.000140866 0.000135108 0.000128558 0.000125239 0.000123784 0.000122361 0.00011766 0.000112473 0.000110772 0.000113118 0.000119023 0.000122217 0.000118661 0.000111524 -6.64543e-05 7.16237e-05 0.000141401 0.000180322 0.000201787 0.000210504 0.00020672 0.000197104 0.000187478 0.000179908 0.00017512 0.000172246 0.000167398 0.000157916 0.00014846 0.000140858 0.00013436 0.000128951 0.000122772 0.000119637 0.000118279 0.00011695 0.000112473 0.000107569 0.000105943 0.000108182 0.000113788 0.00011686 0.000113497 0.000106686 -6.54524e-05 7.04273e-05 0.000139115 0.000177432 0.000198572 0.000207174 0.000203472 0.000194026 0.000184565 0.000177126 0.000172421 0.000169597 0.000164828 0.000155496 0.000146191 0.000138711 0.000132315 0.000126991 0.000120908 0.000117822 0.000116486 0.000115179 0.000110772 0.000105943 0.000104341 0.000106547 0.000112066 0.000115093 0.000111783 0.000105076 -6.68251e-05 7.18986e-05 0.000142074 0.000181262 0.000202883 0.000211659 0.000207868 0.000198211 0.000188539 0.000180936 0.000176127 0.000173246 0.000168377 0.000158841 0.000149326 0.000141677 0.000135137 0.000129692 0.000123474 0.000120321 0.000118955 0.000117619 0.000113118 0.000108182 0.000106547 0.0001088 0.000114438 0.000117527 0.000114147 0.000107297 -7.02032e-05 7.68797e-05 0.0001513 0.000192992 0.000215918 0.000224914 0.000220575 0.000210075 0.000199603 0.000191388 0.000186168 0.000183081 0.000177899 0.000167749 0.000157593 0.000149412 0.00014244 0.000136636 0.000130028 0.000126677 0.00012521 0.000123775 0.000119023 0.000113788 0.000112066 0.000114438 0.000120404 0.00012364 0.000120047 0.000112829 -7.21369e-05 7.84895e-05 0.000154668 0.000197272 0.000220727 0.00023006 0.000225743 0.000215096 0.000204461 0.00019611 0.000190813 0.000187663 0.000182363 0.000171989 0.000161622 0.000153278 0.000146157 0.000140231 0.000133474 0.000130046 0.000128552 0.000127091 0.000122217 0.00011686 0.000115093 0.000117527 0.00012364 0.000126968 0.000123293 0.000115886 -7.01334e-05 7.4573e-05 0.000147908 0.000188883 0.000211542 0.000220879 0.000217097 0.000207156 0.00019717 0.000189316 0.000184361 0.000181385 0.00017632 0.000166371 0.000156451 0.000148481 0.000141655 0.00013597 0.000129471 0.000126178 0.000124762 0.000123375 0.000118661 0.000113497 0.000111783 0.000114147 0.000120047 0.000123293 0.000119769 0.000112588 -6.59555e-05 6.95845e-05 0.000138284 0.000176628 0.000197863 0.000206732 0.000203316 0.000194106 0.000184837 0.000177541 0.000172947 0.000170174 0.000165437 0.000156132 0.000146863 0.000139422 0.000133041 0.000127725 0.000121643 0.00011856 0.000117241 0.000115948 0.000111524 0.000106686 0.000105076 0.000107297 0.000112829 0.000115886 0.000112588 0.000105843 
0.00224647 0.00146672 0.000999718 0.000689901 0.000475755 0.000315989 0.000206626 0.000126904 7.04756e-05 3.38988e-05 2.09249e-08 -3.2074e-05 -6.14354e-05 -8.55885e-05 -0.000101449 -0.000114813 -0.000118911 -0.000120892 -0.00012829 -0.000142277 -0.000155575 -0.000165926 -0.000172653 -0.000176812 -0.000192388 -0.000216693 -0.000250116 -0.000281821 -0.000306367 -0.000319655 0.00146672 0.000987367 0.000692354 0.000491606 0.000349129 0.000241867 0.000166316 0.00010991 6.83036e-05 4.0147e-05 1.5037e-05 -8.48067e-06 -2.99987e-05 -4.79717e-05 -5.97461e-05 -6.95258e-05 -7.27418e-05 -7.43053e-05 -7.96126e-05 -8.92287e-05 -9.81091e-05 -0.000104715 -0.000109161 -0.000111672 -0.000121833 -0.000137548 -0.00015878 -0.000179167 -0.000195573 -0.000204442 0.000999718 0.000692354 0.000498066 0.000362505 0.000263732 0.000188744 0.000134697 9.36066e-05 6.22665e-05 4.04475e-05 2.14904e-05 3.89395e-06 -1.22126e-05 -2.58844e-05 -3.48498e-05 -4.21991e-05 -4.47312e-05 -4.5911e-05 -4.97341e-05 -5.64388e-05 -6.24395e-05 -6.67038e-05 -6.97135e-05 -7.12053e-05 -7.79599e-05 -8.82997e-05 -0.000102052 -0.000115452 -0.000126745 -0.000132856 0.000689901 0.000491606 0.000362505 0.000269959 0.000200637 0.000147563 0.000108501 7.83273e-05 5.46156e-05 3.77402e-05 2.33816e-05 1.01573e-05 -1.95297e-06 -1.23973e-05 -1.92609e-05 -2.48192e-05 -2.6805e-05 -2.76781e-05 -3.04252e-05 -3.50995e-05 -3.91378e-05 -4.186e-05 -4.39015e-05 -4.47428e-05 -4.92218e-05 -5.59938e-05 -6.48506e-05 -7.3637e-05 -8.1459e-05 -8.57027e-05 0.000475755 0.000349129 0.000263732 0.000200637 0.000151982 0.00011441 8.61739e-05 6.40273e-05 4.61448e-05 3.31698e-05 2.23292e-05 1.2414e-05 3.33034e-06 -4.61187e-06 -9.8399e-06 -1.40294e-05 -1.55738e-05 -1.62216e-05 -1.81998e-05 -2.14644e-05 -2.4181e-05 -2.59022e-05 -2.72863e-05 -2.7732e-05 -3.06937e-05 -3.51082e-05 -4.07647e-05 -4.64979e-05 -5.19187e-05 -5.48667e-05 0.000315989 0.000241867 0.000188744 0.000147563 0.00011441 8.8498e-05 6.84693e-05 5.24473e-05 3.90646e-05 2.91335e-05 2.10115e-05 1.36451e-05 6.89306e-06 8.88693e-07 -3.07255e-06 -6.20666e-06 -7.40468e-06 -7.87744e-06 -9.26964e-06 -1.14719e-05 -1.32015e-05 -1.41852e-05 -1.50788e-05 -1.52386e-05 -1.70737e-05 -1.97427e-05 -2.3041e-05 -2.65155e-05 -3.01366e-05 -3.21135e-05 0.000206626 0.000166316 0.000134697 0.000108501 8.61739e-05 6.84693e-05 5.44064e-05 4.29534e-05 3.30324e-05 2.55438e-05 1.95324e-05 1.41286e-05 9.17066e-06 4.65483e-06 1.65668e-06 -6.78535e-07 -1.59679e-06 -1.90941e-06 -2.83072e-06 -4.21511e-06 -5.19335e-06 -5.63574e-06 -6.17035e-06 -6.11969e-06 -7.12774e-06 -8.5206e-06 -1.01331e-05 -1.19841e-05 -1.42996e-05 -1.5578e-05 0.000126904 0.00010991 9.36066e-05 7.83273e-05 6.40273e-05 5.24473e-05 4.29534e-05 3.507e-05 2.7913e-05 2.24322e-05 1.81173e-05 1.42822e-05 1.07576e-05 7.42844e-06 5.19214e-06 3.48719e-06 2.79974e-06 2.63013e-06 2.09753e-06 1.36887e-06 9.88804e-07 9.66112e-07 7.08554e-07 9.23415e-07 5.55911e-07 1.48643e-07 -1.84698e-07 -7.98884e-07 -2.11425e-06 -2.86126e-06 7.04756e-05 6.83036e-05 6.22665e-05 5.46156e-05 4.61448e-05 3.90646e-05 3.30324e-05 2.7913e-05 2.29761e-05 1.91509e-05 1.62011e-05 1.36166e-05 1.1235e-05 8.86976e-06 7.25359e-06 6.0542e-06 5.5601e-06 5.50419e-06 5.26894e-06 5.02431e-06 5.07067e-06 5.33016e-06 5.26923e-06 5.58486e-06 5.66279e-06 5.9322e-06 6.45587e-06 6.68623e-06 6.09405e-06 5.73137e-06 3.38988e-05 4.0147e-05 4.04475e-05 3.77402e-05 3.31698e-05 2.91335e-05 2.55438e-05 2.24322e-05 1.91509e-05 1.66039e-05 1.46814e-05 1.30322e-05 1.15049e-05 9.85521e-06 8.69407e-06 7.86515e-06 7.52053e-06 7.5627e-06 7.56236e-06 7.68711e-06 8.0577e-06 8.52466e-06 8.60582e-06 8.99769e-06 9.40055e-06 1.01622e-05 1.12915e-05 1.21214e-05 1.20433e-05 1.19504e-05 2.09249e-08 1.5037e-05 2.14904e-05 2.33816e-05 2.23292e-05 2.10115e-05 1.95324e-05 1.81173e-05 1.62011e-05 1.46814e-05 1.36015e-05 1.27238e-05 1.19015e-05 1.08414e-05 1.00573e-05 9.53681e-06 9.31175e-06 9.42913e-06 9.61922e-06 1.00521e-05 1.06965e-05 1.13452e-05 1.155e-05 1.20095e-05 1.26953e-05 1.38879e-05 1.55603e-05 1.69233e-05 1.72938e-05 1.7438e-05 -3.2074e-05 -8.48067e-06 3.89395e-06 1.01573e-05 1.2414e-05 1.36451e-05 1.41286e-05 1.42822e-05 1.36166e-05 1.30322e-05 1.27238e-05 1.25545e-05 1.23791e-05 1.18576e-05 1.14176e-05 1.11798e-05 1.10632e-05 1.12497e-05 1.16165e-05 1.23379e-05 1.3241e-05 1.40641e-05 1.43857e-05 1.49118e-05 1.58666e-05 1.74704e-05 1.96649e-05 2.15375e-05 2.23304e-05 2.26978e-05 -6.14354e-05 -2.99987e-05 -1.22126e-05 -1.95297e-06 3.33034e-06 6.89306e-06 9.17066e-06 1.07576e-05 1.1235e-05 1.15049e-05 1.19015e-05 1.23791e-05 1.27947e-05 1.2766e-05 1.26413e-05 1.26621e-05 1.26446e-05 1.28937e-05 1.34209e-05 1.44043e-05 1.55418e-05 1.65228e-05 1.69507e-05 1.75365e-05 1.87355e-05 2.07122e-05 2.338e-05 2.57152e-05 2.68929e-05 2.74638e-05 -8.55885e-05 -4.79717e-05 -2.58844e-05 -1.23973e-05 -4.61187e-06 8.88693e-07 4.65483e-06 7.42844e-06 8.86976e-06 9.85521e-06 1.08414e-05 1.18576e-05 1.2766e-05 1.31607e-05 1.3311e-05 1.35537e-05 1.36207e-05 1.39134e-05 1.45592e-05 1.57348e-05 1.70365e-05 1.81225e-05 1.86288e-05 1.92474e-05 2.06192e-05 2.28557e-05 2.58512e-05 2.85147e-05 2.99894e-05 3.07195e-05 -0.000101449 -5.97461e-05 -3.48498e-05 -1.92609e-05 -9.8399e-06 -3.07255e-06 1.65668e-06 5.19214e-06 7.25359e-06 8.69407e-06 1.00573e-05 1.14176e-05 1.26413e-05 1.3311e-05 1.36418e-05 1.4029e-05 1.41501e-05 1.44668e-05 1.51828e-05 1.64727e-05 1.78694e-05 1.90148e-05 1.95686e-05 2.02028e-05 2.16765e-05 2.40647e-05 2.72527e-05 3.01116e-05 3.17714e-05 3.26019e-05 -0.000114813 -6.95258e-05 -4.21991e-05 -2.48192e-05 -1.40294e-05 -6.20666e-06 -6.78535e-07 3.48719e-06 6.0542e-06 7.86515e-06 9.53681e-06 1.11798e-05 1.26621e-05 1.35537e-05 1.4029e-05 1.45331e-05 1.46979e-05 1.50365e-05 1.58143e-05 1.72059e-05 1.86903e-05 1.9893e-05 2.04892e-05 2.11416e-05 2.27091e-05 2.52387e-05 2.86074e-05 3.16463e-05 3.34667e-05 3.43835e-05 -0.000118911 -7.27418e-05 -4.47312e-05 -2.6805e-05 -1.55738e-05 -7.40468e-06 -1.59679e-06 2.79974e-06 5.5601e-06 7.52053e-06 9.31175e-06 1.10632e-05 1.26446e-05 1.36207e-05 1.41501e-05 1.46979e-05 1.48803e-05 1.52294e-05 1.60329e-05 1.74641e-05 1.89823e-05 2.02057e-05 2.0817e-05 2.14761e-05 2.30773e-05 2.56573e-05 2.90872e-05 3.21879e-05 3.40644e-05 3.50109e-05 -0.000120892 -7.43053e-05 -4.5911e-05 -2.76781e-05 -1.62216e-05 -7.87744e-06 -1.90941e-06 2.63013e-06 5.50419e-06 7.5627e-06 9.42913e-06 1.12497e-05 1.28937e-05 1.39134e-05 1.44668e-05 1.50365e-05 1.52294e-05 1.55935e-05 1.64259e-05 1.79025e-05 1.94656e-05 2.07209e-05 2.13485e-05 2.20244e-05 2.3668e-05 2.63151e-05 2.98271e-05 3.30038e-05 3.49292e-05 3.58993e-05 -0.00012829 -7.96126e-05 -4.97341e-05 -3.04252e-05 -1.81998e-05 -9.26964e-06 -2.83072e-06 2.09753e-06 5.26894e-06 7.56236e-06 9.61922e-06 1.16165e-05 1.34209e-05 1.45592e-05 1.51828e-05 1.58143e-05 1.60329e-05 1.64259e-05 1.73213e-05 1.89003e-05 2.05638e-05 2.18916e-05 2.25589e-05 2.32708e-05 2.50144e-05 2.7819e-05 3.15301e-05 3.48926e-05 3.69452e-05 3.79796e-05 -0.000142277 -8.92287e-05 -5.64388e-05 -3.50995e-05 -2.14644e-05 -1.14719e-05 -4.21511e-06 1.36887e-06 5.02431e-06 7.68711e-06 1.00521e-05 1.23379e-05 1.44043e-05 1.57348e-05 1.64727e-05 1.72059e-05 1.74641e-05 1.79025e-05 1.89003e-05 2.06505e-05 2.24839e-05 2.39381e-05 2.46743e-05 2.5449e-05 2.73662e-05 3.04452e-05 3.45096e-05 3.82002e-05 4.04752e-05 4.16226e-05 -0.000155575 -9.81091e-05 -6.24395e-05 -3.91378e-05 -2.4181e-05 -1.32015e-05 -5.19335e-06 9.88804e-07 5.07067e-06 8.0577e-06 1.06965e-05 1.3241e-05 1.55418e-05 1.70365e-05 1.78694e-05 1.86903e-05 1.89823e-05 1.94656e-05 2.05638e-05 2.24839e-05 2.44895e-05 2.60748e-05 2.68799e-05 2.77219e-05 2.98157e-05 3.31756e-05 3.76041e-05 4.16295e-05 4.4122e-05 4.53793e-05 -0.000165926 -0.000104715 -6.67038e-05 -4.186e-05 -2.59022e-05 -1.41852e-05 -5.63574e-06 9.66112e-07 5.33016e-06 8.52466e-06 1.13452e-05 1.40641e-05 1.65228e-05 1.81225e-05 1.90148e-05 1.9893e-05 2.02057e-05 2.07209e-05 2.18916e-05 2.39381e-05 2.60748e-05 2.77629e-05 2.86209e-05 2.95169e-05 3.17473e-05 3.5326e-05 4.00423e-05 4.433e-05 4.6987e-05 4.83276e-05 -0.000172653 -0.000109161 -6.97135e-05 -4.39015e-05 -2.72863e-05 -1.50788e-05 -6.17035e-06 7.08554e-07 5.26923e-06 8.60582e-06 1.155e-05 1.43857e-05 1.69507e-05 1.86288e-05 1.95686e-05 2.04892e-05 2.0817e-05 2.13485e-05 2.25589e-05 2.46743e-05 2.68799e-05 2.86209e-05 2.9508e-05 3.043e-05 3.27333e-05 3.64276e-05 4.12959e-05 4.57245e-05 4.84776e-05 4.98675e-05 -0.000176812 -0.000111672 -7.12053e-05 -4.47428e-05 -2.7732e-05 -1.52386e-05 -6.11969e-06 9.23415e-07 5.58486e-06 8.99769e-06 1.20095e-05 1.49118e-05 1.75365e-05 1.92474e-05 2.02028e-05 2.11416e-05 2.14761e-05 2.20244e-05 2.32708e-05 2.5449e-05 2.77219e-05 2.95169e-05 3.043e-05 3.13821e-05 3.37547e-05 3.75611e-05 4.25769e-05 4.71378e-05 4.99669e-05 5.13945e-05 -0.000192388 -0.000121833 -7.79599e-05 -4.92218e-05 -3.06937e-05 -1.70737e-05 -7.12774e-06 5.55911e-07 5.66279e-06 9.40055e-06 1.26953e-05 1.58666e-05 1.87355e-05 2.06192e-05 2.16765e-05 2.27091e-05 2.30773e-05 2.3668e-05 2.50144e-05 2.73662e-05 2.98157e-05 3.17473e-05 3.27333e-05 3.37547e-05 3.63126e-05 4.04139e-05 4.58174e-05 5.07348e-05 5.37978e-05 5.53448e-05 -0.000216693 -0.000137548 -8.82997e-05 -5.59938e-05 -3.51082e-05 -1.97427e-05 -8.5206e-06 1.48643e-07 5.9322e-06 1.01622e-05 1.38879e-05 1.74704e-05 2.07122e-05 2.28557e-05 2.40647e-05 2.52387e-05 2.56573e-05 2.63151e-05 2.7819e-05 3.04452e-05 3.31756e-05 3.5326e-05 3.64276e-05 3.75611e-05 4.04139e-05 4.49857e-05 5.10087e-05 5.64942e-05 5.99251e-05 6.16597e-05 -0.000250116 -0.00015878 -0.000102052 -6.48506e-05 -4.07647e-05 -2.3041e-05 -1.01331e-05 -1.84698e-07 6.45587e-06 1.12915e-05 1.55603e-05 1.96649e-05 2.338e-05 2.58512e-05 2.72527e-05 2.86074e-05 2.90872e-05 2.98271e-05 3.15301e-05 3.45096e-05 3.76041e-05 4.00423e-05 4.12959e-05 4.25769e-05 4.58174e-05 5.10087e-05 5.78548e-05 6.40938e-05 6.80108e-05 6.99946e-05 -0.000281821 -0.000179167 -0.000115452 -7.3637e-05 -4.64979e-05 -2.65155e-05 -1.19841e-05 -7.98884e-07 6.68623e-06 1.21214e-05 1.69233e-05 2.15375e-05 2.57152e-05 2.85147e-05 3.01116e-05 3.16463e-05 3.21879e-05 3.30038e-05 3.48926e-05 3.82002e-05 4.16295e-05 4.433e-05 4.57245e-05 4.71378e-05 5.07348e-05 5.64942e-05 6.40938e-05 7.1025e-05 7.53973e-05 7.76149e-05 -0.000306367 -0.000195573 -0.000126745 -8.1459e-05 -5.19187e-05 -3.01366e-05 -1.42996e-05 -2.11425e-06 6.09405e-06 1.20433e-05 1.72938e-05 2.23304e-05 2.68929e-05 2.99894e-05 3.17714e-05 3.34667e-05 3.40644e-05 3.49292e-05 3.69452e-05 4.04752e-05 4.4122e-05 4.6987e-05 4.84776e-05 4.99669e-05 5.37978e-05 5.99251e-05 6.80108e-05 7.53973e-05 8.00952e-05 8.24831e-05 -0.000319655 -0.000204442 -0.000132856 -8.57027e-05 -5.48667e-05 -3.21135e-05 -1.5578e-05 -2.86126e-06 5.73137e-06 1.19504e-05 1.7438e-05 2.26978e-05 2.74638e-05 3.07195e-05 3.26019e-05 3.43835e-05 3.50109e-05 3.58993e-05 3.79796e-05 4.16226e-05 4.53793e-05 4.83276e-05 4.98675e-05 5.13945e-05 5.53448e-05 6.16597e-05 6.99946e-05 7.76149e-05 8.24831e-05 8.49606e-05 
