2.77605e-05 2.28469e-05 2.23409e-05 2.15192e-05 2.71481e-05 3.17417e-05 3.64333e-05 4.27011e-05 4.8069e-05 4.58049e-05 4.62203e-05 4.96292e-05 5.30707e-05 5.59882e-05 6.18137e-05 6.65494e-05 7.16609e-05 7.79103e-05 7.85235e-05 7.574e-05 7.40912e-05 7.01611e-05 6.65004e-05 6.44827e-05 6.52332e-05 6.82447e-05 7.33049e-05 8.25774e-05 9.81929e-05 0.000109859 2.28469e-05 2.00482e-05 2.02691e-05 2.01176e-05 2.45766e-05 2.82912e-05 3.2131e-05 3.72938e-05 4.20873e-05 4.18111e-05 4.25564e-05 4.51416e-05 4.80552e-05 5.12872e-05 5.65308e-05 6.12578e-05 6.60591e-05 7.0908e-05 7.12783e-05 6.9034e-05 6.80811e-05 6.62508e-05 6.57753e-05 6.56311e-05 6.72908e-05 7.06066e-05 7.51634e-05 8.28817e-05 9.61821e-05 0.000106685 2.23409e-05 2.02691e-05 2.09465e-05 2.09833e-05 2.54689e-05 2.91515e-05 3.28316e-05 3.79314e-05 4.30807e-05 4.39147e-05 4.48159e-05 4.73439e-05 5.02901e-05 5.38802e-05 5.93663e-05 6.44686e-05 6.97771e-05 7.46585e-05 7.49683e-05 7.28739e-05 7.23038e-05 7.12222e-05 7.21783e-05 7.27555e-05 7.49728e-05 7.89054e-05 8.39695e-05 9.18922e-05 0.000105465 0.000116602 2.15192e-05 2.01176e-05 2.09833e-05 2.13406e-05 2.54149e-05 2.88664e-05 3.24485e-05 3.7326e-05 4.22692e-05 4.36371e-05 4.47299e-05 4.69716e-05 4.98078e-05 5.36728e-05 5.90823e-05 6.43649e-05 6.95397e-05 7.38783e-05 7.40981e-05 7.20463e-05 7.15806e-05 7.12398e-05 7.33215e-05 7.46696e-05 7.72739e-05 8.12789e-05 8.60448e-05 9.3471e-05 0.000106513 0.000117382 2.71481e-05 2.45766e-05 2.54689e-05 2.54149e-05 3.10472e-05 3.55932e-05 4.00155e-05 4.62516e-05 5.27012e-05 5.38509e-05 5.48943e-05 5.80696e-05 6.16892e-05 6.60046e-05 7.27466e-05 7.89405e-05 8.56019e-05 9.17833e-05 9.21809e-05 8.96941e-05 8.91003e-05 8.76921e-05 8.87971e-05 8.936e-05 9.20396e-05 9.69763e-05 0.000103431 0.000113317 0.000130052 0.000143855 3.17417e-05 2.82912e-05 2.91515e-05 2.88664e-05 3.55932e-05 4.09631e-05 4.61182e-05 5.34258e-05 6.09281e-05 6.18002e-05 6.28607e-05 6.66946e-05 7.09175e-05 7.56617e-05 8.34276e-05 9.03874e-05 9.8072e-05 0.000105513 0.000106033 0.000103136 0.000102351 0.000100189 0.0001006 0.000100684 0.00010346 0.000109022 0.000116575 0.000128223 0.000147749 0.000163706 3.64333e-05 3.2131e-05 3.28316e-05 3.24485e-05 4.00155e-05 4.61182e-05 5.20997e-05 6.04409e-05 6.87073e-05 6.90355e-05 7.01817e-05 7.45341e-05 7.9309e-05 8.45394e-05 9.322e-05 0.000100947 0.00010933 0.000117677 0.000118292 0.000114885 0.000113738 0.000110909 0.000110624 0.000110389 0.000113254 0.000119184 0.000127376 0.000140418 0.000162404 0.000180116 4.27011e-05 3.72938e-05 3.79314e-05 3.7326e-05 4.62516e-05 5.34258e-05 6.04409e-05 7.0217e-05 7.98026e-05 7.9729e-05 8.09529e-05 8.61218e-05 9.16959e-05 9.75821e-05 0.000107628 0.000116441 0.000126101 0.000135978 0.000136739 0.000132734 0.000131276 0.000127548 0.000126471 0.000125749 0.000128802 0.000135513 0.000145011 0.00016028 0.000185926 0.000206431 4.8069e-05 4.20873e-05 4.30807e-05 4.22692e-05 5.27012e-05 6.09281e-05 6.87073e-05 7.98026e-05 9.11031e-05 9.16244e-05 9.29577e-05 9.89729e-05 0.000105353 0.000112024 0.000123588 0.000133647 0.000145114 0.000156751 0.000157632 0.000153265 0.000151924 0.000147771 0.000146895 0.000146043 0.000149637 0.000157708 0.000169163 0.00018696 0.000216467 0.000240332 4.58049e-05 4.18111e-05 4.39147e-05 4.36371e-05 5.38509e-05 6.18002e-05 6.90355e-05 7.9729e-05 9.16244e-05 9.48973e-05 9.66197e-05 0.000102325 0.000108643 0.000116105 0.000128018 0.000138827 0.000151262 0.000162643 0.000163344 0.000159424 0.000159042 0.00015691 0.000159707 0.000160759 0.0001657 0.000175108 0.000187496 0.000205344 0.000234843 0.000259723 4.62203e-05 4.25564e-05 4.48159e-05 4.47299e-05 5.48943e-05 6.28607e-05 7.01817e-05 8.09529e-05 9.29577e-05 9.66197e-05 9.84944e-05 0.000104138 0.000110514 0.000118294 0.000130397 0.000141533 0.000154132 0.000165406 0.000166066 0.000162092 0.000161765 0.000160044 0.000163585 0.000165129 0.000170407 0.000180044 0.000192493 0.000210392 0.000240153 0.000265364 4.96292e-05 4.51416e-05 4.73439e-05 4.69716e-05 5.80696e-05 6.66946e-05 7.45341e-05 8.61218e-05 9.89729e-05 0.000102325 0.000104138 0.000110353 0.00011719 0.000125167 0.000138022 0.000149629 0.000163037 0.000175419 0.000176197 0.000171947 0.000171486 0.000168994 0.000171701 0.000172641 0.000177863 0.000187959 0.000201347 0.000220688 0.000252605 0.000279463 5.30707e-05 4.80552e-05 5.02901e-05 4.98078e-05 6.16892e-05 7.09175e-05 7.9309e-05 9.16959e-05 0.000105353 0.000108643 0.000110514 0.00011719 0.000124482 0.000132869 0.000146528 0.000158792 0.000173005 0.000186275 0.000187129 0.00018257 0.000181996 0.00017909 0.000181538 0.000182286 0.000187686 0.000198318 0.000212536 0.000233178 0.000267206 0.00029574 5.59882e-05 5.12872e-05 5.38802e-05 5.36728e-05 6.60046e-05 7.56617e-05 8.45394e-05 9.75821e-05 0.000112024 0.000116105 0.000118294 0.000125167 0.000132869 0.000142119 0.000156676 0.000169987 0.0001851 0.000198795 0.000199621 0.000194792 0.000194298 0.000191921 0.00019567 0.000197228 0.000203398 0.000214876 0.000229841 0.000251478 0.000287409 0.000317726 6.18137e-05 5.65308e-05 5.93663e-05 5.90823e-05 7.27466e-05 8.34276e-05 9.322e-05 0.000107628 0.000123588 0.000128018 0.000130397 0.000138022 0.000146528 0.000156676 0.000172735 0.000187375 0.000204065 0.000219257 0.000220182 0.00021486 0.000214309 0.000211572 0.000215533 0.000217126 0.000223866 0.000236517 0.000253076 0.000277013 0.000316703 0.000350172 6.65494e-05 6.12578e-05 6.44686e-05 6.43649e-05 7.89405e-05 9.03874e-05 0.000100947 0.000116441 0.000133647 0.000138827 0.000141533 0.000149629 0.000158792 0.000169987 0.000187375 0.000203387 0.000221436 0.000237589 0.000238535 0.000232792 0.000232273 0.000229789 0.000234836 0.000237067 0.00024464 0.000258437 0.000276244 0.000301921 0.000344674 0.000380851 7.16609e-05 6.60591e-05 6.97771e-05 6.95397e-05 8.56019e-05 9.8072e-05 0.00010933 0.000126101 0.000145114 0.000151262 0.000154132 0.000163037 0.000173005 0.0001851 0.000204065 0.000221436 0.000241433 0.000259323 0.000260365 0.000254316 0.000254043 0.000251404 0.00025715 0.00025951 0.000267812 0.000283158 0.000303058 0.000331288 0.00037793 0.000417629 7.79103e-05 7.0908e-05 7.46585e-05 7.38783e-05 9.17833e-05 0.000105513 0.000117677 0.000135978 0.000156751 0.000162643 0.000165406 0.000175419 0.000186275 0.000198795 0.000219257 0.000237589 0.000259323 0.000279417 0.000280676 0.000274174 0.000273793 0.000269835 0.00027432 0.000275642 0.000283961 0.000300383 0.000322307 0.00035341 0.000404264 0.000447321 7.85235e-05 7.12783e-05 7.49683e-05 7.40981e-05 9.21809e-05 0.000106033 0.000118292 0.000136739 0.000157632 0.000163344 0.000166066 0.000176197 0.000187129 0.000199621 0.000220182 0.000238535 0.000260365 0.000280676 0.000281967 0.00027541 0.000274972 0.00027077 0.00027491 0.00027601 0.000284238 0.000300675 0.000322733 0.000354084 0.000405286 0.000448566 7.574e-05 6.9034e-05 7.28739e-05 7.20463e-05 8.96941e-05 0.000103136 0.000114885 0.000132734 0.000153265 0.000159424 0.000162092 0.000171947 0.00018257 0.000194792 0.00021486 0.000232792 0.000254316 0.000274174 0.00027541 0.000269182 0.000269015 0.000265233 0.000269877 0.000271178 0.000279394 0.000295712 0.000317525 0.000348154 0.000398012 0.000440395 7.40912e-05 6.80811e-05 7.23038e-05 7.15806e-05 8.91003e-05 0.000102351 0.000113738 0.000131276 0.000151924 0.000159042 0.000161765 0.000171486 0.000181996 0.000194298 0.000214309 0.000232273 0.000254043 0.000273793 0.000274972 0.000269015 0.000269253 0.00026611 0.000271874 0.000273678 0.000282233 0.000298936 0.000321057 0.000351559 0.000401029 0.000443477 7.01611e-05 6.62508e-05 7.12222e-05 7.12398e-05 8.76921e-05 0.000100189 0.000110909 0.000127548 0.000147771 0.00015691 0.000160044 0.000168994 0.00017909 0.000191921 0.000211572 0.000229789 0.000251404 0.000269835 0.00027077 0.000265233 0.00026611 0.000265121 0.000274242 0.000278073 0.000287683 0.000304821 0.000326531 0.000355706 0.000403359 0.00044504 6.65004e-05 6.57753e-05 7.21783e-05 7.33215e-05 8.87971e-05 0.0001006 0.000110624 0.000126471 0.000146895 0.000159707 0.000163585 0.000171701 0.000181538 0.00019567 0.000215533 0.000234836 0.00025715 0.00027432 0.00027491 0.000269877 0.000271874 0.000274242 0.000289052 0.000296188 0.000307844 0.000326424 0.000348483 0.000376793 0.00042348 0.000465671 6.44827e-05 6.56311e-05 7.27555e-05 7.46696e-05 8.936e-05 0.000100684 0.000110389 0.000125749 0.000146043 0.000160759 0.000165129 0.000172641 0.000182286 0.000197228 0.000217126 0.000237067 0.00025951 0.000275642 0.00027601 0.000271178 0.000273678 0.000278073 0.000296188 0.000305387 0.000318229 0.000337426 0.000359294 0.000386787 0.000432639 0.000474789 6.52332e-05 6.72908e-05 7.49728e-05 7.72739e-05 9.20396e-05 0.00010346 0.000113254 0.000128802 0.000149637 0.0001657 0.000170407 0.000177863 0.000187686 0.000203398 0.000223866 0.00024464 0.000267812 0.000283961 0.000284238 0.000279394 0.000282233 0.000287683 0.000307844 0.000318229 0.000331974 0.00035203 0.000374488 0.000402408 0.00044916 0.000492501 6.82447e-05 7.06066e-05 7.89054e-05 8.12789e-05 9.69763e-05 0.000109022 0.000119184 0.000135513 0.000157708 0.000175108 0.000180044 0.000187959 0.000198318 0.000214876 0.000236517 0.000258437 0.000283158 0.000300383 0.000300675 0.000295712 0.000298936 0.000304821 0.000326424 0.000337426 0.00035203 0.000373463 0.000397534 0.000427179 0.000476584 0.000522571 7.33049e-05 7.51634e-05 8.39695e-05 8.60448e-05 0.000103431 0.000116575 0.000127376 0.000145011 0.000169163 0.000187496 0.000192493 0.000201347 0.000212536 0.000229841 0.000253076 0.000276244 0.000303058 0.000322307 0.000322733 0.000317525 0.000321057 0.000326531 0.000348483 0.000359294 0.000374488 0.000397534 0.000423965 0.000456409 0.000509879 0.000559546 8.25774e-05 8.28817e-05 9.18922e-05 9.3471e-05 0.000113317 0.000128223 0.000140418 0.00016028 0.00018696 0.000205344 0.000210392 0.000220688 0.000233178 0.000251478 0.000277013 0.000301921 0.000331288 0.00035341 0.000354084 0.000348154 0.000351559 0.000355706 0.000376793 0.000386787 0.000402408 0.000427179 0.000456409 0.00049285 0.000552455 0.000607128 9.81929e-05 9.61821e-05 0.000105465 0.000106513 0.000130052 0.000147749 0.000162404 0.000185926 0.000216467 0.000234843 0.000240153 0.000252605 0.000267206 0.000287409 0.000316703 0.000344674 0.00037793 0.000404264 0.000405286 0.000398012 0.000401029 0.000403359 0.00042348 0.000432639 0.00044916 0.000476584 0.000509879 0.000552455 0.000621889 0.000684491 0.000109859 0.000106685 0.000116602 0.000117382 0.000143855 0.000163706 0.000180116 0.000206431 0.000240332 0.000259723 0.000265364 0.000279463 0.00029574 0.000317726 0.000350172 0.000380851 0.000417629 0.000447321 0.000448566 0.000440395 0.000443477 0.00044504 0.000465671 0.000474789 0.000492501 0.000522571 0.000559546 0.000607128 0.000684491 0.000753877 
0.0021491 0.0018909 0.00173139 0.00160916 0.00152581 0.0015012 0.0015351 0.00167884 0.0017434 0.00161573 0.00141066 0.00120277 0.00104139 0.00100037 0.00104145 0.00103526 0.000963053 0.000851211 0.000729922 0.000626361 0.000584031 0.000569834 0.000616046 0.000560149 0.000514086 0.000461572 0.000398097 0.000364353 0.000381725 0.00037325 0.0018909 0.0016769 0.00154608 0.00144425 0.00137272 0.00134965 0.00137666 0.00149297 0.00154491 0.00143809 0.00126811 0.00110041 0.000970702 0.000938967 0.000973257 0.000966178 0.00090238 0.000801683 0.000697062 0.000605683 0.000565252 0.000546925 0.000578653 0.000529443 0.000486629 0.000438092 0.000382524 0.000353548 0.000367903 0.000358316 0.00173139 0.00154608 0.00143416 0.00134554 0.00128151 0.00125961 0.00128227 0.0013805 0.00142398 0.00133022 0.00118263 0.00104133 0.000932358 0.00090698 0.000937186 0.000929365 0.00087088 0.000776518 0.000682236 0.000598075 0.000558387 0.000536943 0.00055888 0.000513777 0.000472639 0.00042628 0.00037568 0.000349969 0.000362683 0.000352446 0.00160916 0.00144425 0.00134554 0.00126635 0.00120784 0.00118675 0.00120629 0.00129194 0.00132963 0.00124548 0.00111404 0.000991161 0.000896679 0.000875537 0.000902626 0.000894448 0.000839967 0.000750948 0.000664458 0.000586051 0.000547382 0.000524221 0.000539668 0.00049773 0.000458214 0.000413827 0.000366964 0.000343502 0.000354851 0.000344194 0.00152581 0.00137272 0.00128151 0.00120784 0.00115282 0.00113249 0.00115033 0.001229 0.00126352 0.00118508 0.00106303 0.000950297 0.00086376 0.000844808 0.000870051 0.000861889 0.000810173 0.000725175 0.000643675 0.000569248 0.000531782 0.000508371 0.000520799 0.000481025 0.000442981 0.000400311 0.000355948 0.000333895 0.000344445 0.000333826 0.0015012 0.00134965 0.00125961 0.00118675 0.00113249 0.00111323 0.00113133 0.00120931 0.00124331 0.00116508 0.0010436 0.000931621 0.000845452 0.000826791 0.000852292 0.000844335 0.000793722 0.000709712 0.000629075 0.000555381 0.000518569 0.000496012 0.00050901 0.000469843 0.000432411 0.000390529 0.000346957 0.000325634 0.000336636 0.000326787 0.0015351 0.00137666 0.00128227 0.00120629 0.00115033 0.00113133 0.00115077 0.0012331 0.00126899 0.0011872 0.0010599 0.000941386 0.000849957 0.00082988 0.000856724 0.000848996 0.000797438 0.000711851 0.000628684 0.000553141 0.000516244 0.000494746 0.00051046 0.000470396 0.000432635 0.000390386 0.000345806 0.000324035 0.000335818 0.00032654 0.00167884 0.00149297 0.0013805 0.00129194 0.001229 0.00120931 0.0012331 0.0013329 0.00137692 0.0012825 0.00113359 0.000989455 0.000877811 0.000851563 0.000882464 0.000875589 0.000819345 0.00072817 0.000635348 0.000553193 0.00051596 0.000497992 0.000523643 0.000479871 0.000440828 0.000396879 0.000347815 0.000323137 0.000336669 0.00032836 0.0017434 0.00154491 0.00142398 0.00132963 0.00126352 0.00124331 0.00126899 0.00137692 0.0014248 0.00132484 0.00116623 0.00101025 0.000889318 0.000860097 0.000892663 0.000886223 0.000827789 0.000734355 0.000637262 0.000552321 0.000515072 0.000498794 0.000529053 0.00048363 0.000444121 0.000399484 0.000348365 0.00032221 0.000336343 0.000328352 0.00161573 0.00143809 0.00133022 0.00124548 0.00118508 0.00116508 0.0011872 0.0012825 0.00132484 0.00123545 0.00109405 0.000956772 0.000850717 0.00082545 0.000854246 0.000847534 0.000793024 0.00070584 0.000617141 0.000538746 0.000502864 0.000484926 0.000508568 0.000466492 0.000428935 0.000386511 0.000339181 0.000314889 0.000327028 0.000318188 0.00141066 0.00126811 0.00118263 0.00111404 0.00106303 0.0010436 0.0010599 0.00113359 0.00116623 0.00109405 0.000981177 0.000875783 0.000795025 0.000776829 0.000799685 0.000792312 0.000744231 0.000666457 0.0005913 0.000523076 0.000488887 0.000467614 0.000479625 0.000442898 0.000408091 0.000368895 0.000327748 0.000306808 0.000315986 0.000305809 0.00120277 0.00110041 0.00104133 0.000991161 0.000950297 0.000931621 0.000941386 0.000989455 0.00101025 0.000956772 0.000875783 0.000808042 0.000757056 0.000747858 0.000764597 0.00075594 0.000714541 0.00064494 0.000583931 0.000525421 0.000491652 0.000465022 0.000462263 0.00043091 0.000397922 0.000361115 0.000326432 0.000309583 0.000316011 0.000304199 0.00104139 0.000970702 0.000932358 0.000896679 0.00086376 0.000845452 0.000849957 0.000877811 0.000889318 0.000850717 0.000795025 0.000757056 0.000729663 0.000727531 0.000739318 0.000729616 0.000693332 0.000630133 0.000580259 0.000529407 0.000495893 0.000464881 0.0004503 0.000423127 0.000391511 0.000356492 0.000326814 0.000313056 0.000317174 0.000303902 0.00100037 0.000938967 0.00090698 0.000875537 0.000844808 0.000826791 0.00082988 0.000851563 0.000860097 0.00082545 0.000776829 0.000747858 0.000727531 0.000727756 0.000738387 0.000728244 0.000693365 0.000631297 0.000584292 0.000535109 0.000501271 0.00046863 0.000450279 0.000424147 0.00039258 0.000357763 0.000329432 0.000316749 0.000320481 0.00030687 0.00104145 0.000973257 0.000937186 0.000902626 0.000870051 0.000852292 0.000856724 0.000882464 0.000892663 0.000854246 0.000799685 0.000764597 0.000739318 0.000738387 0.000750512 0.000740447 0.000704431 0.000640094 0.000590223 0.000538692 0.000504347 0.000472313 0.000456222 0.000428994 0.000396734 0.000361188 0.000331683 0.000318608 0.000323266 0.000310167 0.00103526 0.000966178 0.000929365 0.000894448 0.000861889 0.000844335 0.000848996 0.000875589 0.000886223 0.000847534 0.000792312 0.00075594 0.000729616 0.000728244 0.000740447 0.000730604 0.000694813 0.000631117 0.000581355 0.000530186 0.000496369 0.000465093 0.000449966 0.000422905 0.000391071 0.000355969 0.000326606 0.000313512 0.0003182 0.00030536 0.000963053 0.00090238 0.00087088 0.000839967 0.000810173 0.000793722 0.000797438 0.000819345 0.000827789 0.000793024 0.000744231 0.000714541 0.000693332 0.000693365 0.000704431 0.000694813 0.00066155 0.000601447 0.000555601 0.000507728 0.000475329 0.000444672 0.000428225 0.000403029 0.000372724 0.000339408 0.000312209 0.0003004 0.000304737 0.000292399 0.000851211 0.000801683 0.000776518 0.000750948 0.000725175 0.000709712 0.000711851 0.00072817 0.000734355 0.00070584 0.000666457 0.00064494 0.000630133 0.000631297 0.000640094 0.000631117 0.000601447 0.000548024 0.000508383 0.000466357 0.000436863 0.000407903 0.000390484 0.000368233 0.000340861 0.000310738 0.000286713 0.000276175 0.000279299 0.000267392 0.000729922 0.000697062 0.000682236 0.000664458 0.000643675 0.000629075 0.000628684 0.000635348 0.000637262 0.000617141 0.0005913 0.000583931 0.000580259 0.000584292 0.000590223 0.000581355 0.000555601 0.000508383 0.000476063 0.00044007 0.000412542 0.000383426 0.000361913 0.000342829 0.000317771 0.000290272 0.000269829 0.000261109 0.000262842 0.000250863 0.000626361 0.000605683 0.000598075 0.000586051 0.000569248 0.000555381 0.000553141 0.000553193 0.000552321 0.000538746 0.000523076 0.000525421 0.000529407 0.000535109 0.000538692 0.000530186 0.000507728 0.000466357 0.00044007 0.00040944 0.000384148 0.000355782 0.000332112 0.000315751 0.000293081 0.000268208 0.000250746 0.000243315 0.000243809 0.000231941 0.000584031 0.000565252 0.000558387 0.000547382 0.000531782 0.000518569 0.000516244 0.00051596 0.000515072 0.000502864 0.000488887 0.000491652 0.000495893 0.000501271 0.000504347 0.000496369 0.000475329 0.000436863 0.000412542 0.000384148 0.000360508 0.000333813 0.000311352 0.000296108 0.000274943 0.000251685 0.00023538 0.000228325 0.000228549 0.00021724 0.000569834 0.000546925 0.000536943 0.000524221 0.000508371 0.000496012 0.000494746 0.000497992 0.000498794 0.000484926 0.000467614 0.000465022 0.000464881 0.00046863 0.000472313 0.000465093 0.000444672 0.000407903 0.000383426 0.000355782 0.000333813 0.000309799 0.000291 0.000276134 0.000256267 0.000234382 0.000218381 0.000211276 0.000211854 0.000201589 0.000616046 0.000578653 0.00055888 0.000539668 0.000520799 0.00050901 0.00051046 0.000523643 0.000529053 0.000508568 0.000479625 0.000462263 0.0004503 0.000450279 0.000456222 0.000449966 0.000428225 0.000390484 0.000361913 0.000332112 0.000311352 0.000291 0.000279272 0.000263216 0.000243871 0.000222422 0.000204887 0.000196666 0.000198368 0.000189461 0.000560149 0.000529443 0.000513777 0.00049773 0.000481025 0.000469843 0.000470396 0.000479871 0.00048363 0.000466492 0.000442898 0.00043091 0.000423127 0.000424147 0.000428994 0.000422905 0.000403029 0.000368233 0.000342829 0.000315751 0.000296108 0.000276134 0.000263216 0.000248616 0.000230483 0.000210408 0.000194519 0.000187149 0.00018837 0.000179662 0.000514086 0.000486629 0.000472639 0.000458214 0.000442981 0.000432411 0.000432635 0.000440828 0.000444121 0.000428935 0.000408091 0.000397922 0.000391511 0.00039258 0.000396734 0.000391071 0.000372724 0.000340861 0.000317771 0.000293081 0.000274943 0.000256267 0.000243871 0.000230483 0.000213775 0.000195247 0.000180645 0.000173766 0.000174634 0.000166364 0.000461572 0.000438092 0.00042628 0.000413827 0.000400311 0.000390529 0.000390386 0.000396879 0.000399484 0.000386511 0.000368895 0.000361115 0.000356492 0.000357763 0.000361188 0.000355969 0.000339408 0.000310738 0.000290272 0.000268208 0.000251685 0.000234382 0.000222422 0.000210408 0.000195247 0.000178421 0.000165311 0.000159087 0.000159639 0.000151907 0.000398097 0.000382524 0.00037568 0.000366964 0.000355948 0.000346957 0.000345806 0.000347815 0.000348365 0.000339181 0.000327748 0.000326432 0.000326814 0.000329432 0.000331683 0.000326606 0.000312209 0.000286713 0.000269829 0.000250746 0.00023538 0.000218381 0.000204887 0.000194519 0.000180645 0.000165311 0.000154095 0.000148947 0.000149048 0.000141587 0.000364353 0.000353548 0.000349969 0.000343502 0.000333895 0.000325634 0.000324035 0.000323137 0.00032221 0.000314889 0.000306808 0.000309583 0.000313056 0.000316749 0.000318608 0.000313512 0.0003004 0.000276175 0.000261109 0.000243315 0.000228325 0.000211276 0.000196666 0.000187149 0.000173766 0.000159087 0.000148947 0.000144648 0.000144795 0.000137649 0.000381725 0.000367903 0.000362683 0.000354851 0.000344445 0.000336636 0.000335818 0.000336669 0.000336343 0.000327028 0.000315986 0.000316011 0.000317174 0.000320481 0.000323266 0.0003182 0.000304737 0.000279299 0.000262842 0.000243809 0.000228549 0.000211854 0.000198368 0.00018837 0.000174634 0.000159639 0.000149048 0.000144795 0.000145628 0.000138952 0.00037325 0.000358316 0.000352446 0.000344194 0.000333826 0.000326787 0.00032654 0.00032836 0.000328352 0.000318188 0.000305809 0.000304199 0.000303902 0.00030687 0.000310167 0.00030536 0.000292399 0.000267392 0.000250863 0.000231941 0.00021724 0.000201589 0.000189461 0.000179662 0.000166364 0.000151907 0.000141587 0.000137649 0.000138952 0.000132967 
0.00212454 0.00173421 0.00149291 0.00128368 0.00116463 0.00107747 0.00102693 0.00103818 0.00102608 0.0009041 0.000793629 0.000709122 0.000642236 0.000617489 0.000618656 0.000575293 0.000525262 0.000488104 0.000420519 0.000350602 0.00030485 0.000256434 0.000237746 0.000199818 0.000165192 0.000142851 0.000141015 0.000154558 0.000186853 0.000161889 0.00173421 0.0014485 0.00127203 0.00111344 0.0010184 0.000944231 0.000900688 0.000906578 0.000896347 0.000799834 0.000707915 0.000638399 0.000583605 0.000558256 0.000551707 0.000514781 0.000474333 0.000441232 0.000383466 0.000324237 0.000286214 0.000246137 0.000229846 0.000195941 0.000164259 0.000144402 0.000142362 0.000150281 0.000173575 0.00015184 0.00149291 0.00127203 0.00113584 0.00100852 0.000928523 0.000862423 0.000823111 0.000825671 0.000816762 0.000736075 0.000655516 0.000595374 0.000548075 0.000522186 0.000510831 0.000477787 0.000443441 0.000413096 0.000361403 0.000308833 0.000275671 0.000240558 0.000225522 0.000193828 0.000163844 0.000145618 0.00014374 0.000148401 0.000166284 0.000146727 0.00128368 0.00111344 0.00100852 0.000906413 0.000838758 0.000780082 0.000744976 0.0007452 0.000737204 0.000669608 0.000599369 0.000547254 0.000506452 0.000481217 0.000466967 0.000437706 0.000408276 0.000380334 0.00033432 0.000287783 0.0002588 0.000228414 0.000215029 0.00018621 0.000158461 0.000141744 0.000139591 0.000141549 0.000154968 0.0001372 0.00116463 0.0010184 0.000928523 0.000838758 0.000778248 0.000724343 0.000691772 0.000691158 0.000684105 0.000623653 0.00055932 0.000512094 0.000475062 0.000450634 0.00043583 0.000408745 0.000382446 0.000356854 0.000314485 0.000271829 0.000245514 0.000217484 0.000204698 0.000177363 0.000151152 0.000135757 0.000134169 0.000135568 0.000147264 0.00013113 0.00107747 0.000944231 0.000862423 0.000780082 0.000724343 0.00067431 0.000643987 0.000643215 0.000636761 0.00058106 0.000521377 0.000477714 0.000443452 0.000420452 0.000406287 0.000381084 0.000356875 0.000333171 0.000293819 0.000254255 0.000229915 0.000203844 0.000191827 0.000166209 0.000141688 0.000127401 0.000126059 0.000127287 0.000138009 0.000123103 0.00102693 0.000900688 0.000823111 0.000744976 0.000691772 0.000643987 0.00061509 0.000614277 0.000608008 0.000554948 0.00049809 0.000456391 0.000423719 0.000401773 0.000388102 0.000364106 0.000340927 0.000318101 0.000280526 0.000242729 0.000219459 0.000194721 0.000183389 0.000159076 0.000135696 0.000121976 0.000120495 0.000121442 0.000131483 0.000117121 0.00103818 0.000906578 0.000825671 0.0007452 0.000691158 0.000643215 0.000614277 0.000613854 0.000607563 0.000553551 0.00049628 0.00045419 0.000421184 0.000399619 0.000386706 0.00036263 0.000339153 0.000316418 0.000278745 0.000240797 0.000217355 0.000192409 0.000181074 0.000156847 0.000133622 0.00011995 0.000118524 0.000119865 0.00013039 0.00011604 0.00102608 0.000896347 0.000816762 0.000737204 0.000684105 0.000636761 0.000608008 0.000607563 0.00060159 0.000548336 0.000491565 0.000450124 0.000417531 0.000395951 0.000383111 0.000359165 0.000336227 0.000314116 0.00027688 0.000239441 0.000216394 0.000191455 0.000179912 0.000155546 0.000132401 0.000119023 0.00011804 0.000119682 0.000130301 0.000116383 0.0009041 0.000799834 0.000736075 0.000669608 0.000623653 0.00058106 0.000554948 0.000553551 0.000548336 0.000502407 0.00045176 0.000415184 0.000386425 0.000365705 0.000352099 0.00033045 0.000310521 0.000290435 0.000256845 0.000223256 0.000202821 0.000180504 0.000169811 0.0001472 0.000125665 0.000113477 0.000112714 0.00011342 0.000121994 0.00010949 0.000793629 0.000707915 0.000655516 0.000599369 0.00055932 0.000521377 0.00049809 0.00049628 0.000491565 0.00045176 0.000407037 0.000374788 0.000349499 0.000330465 0.000317197 0.000297963 0.000280461 0.000262224 0.000232273 0.00020238 0.000184285 0.000164679 0.000155208 0.000134955 0.000115495 0.000104465 0.000103571 0.000103533 0.000110445 9.91456e-05 0.000709122 0.000638399 0.000595374 0.000547254 0.000512094 0.000477714 0.000456391 0.00045419 0.000450124 0.000415184 0.000374788 0.000346014 0.000323408 0.000305304 0.000292111 0.00027454 0.000259191 0.000242729 0.000215523 0.000188505 0.000172324 0.000154472 0.000145547 0.000126598 0.000108469 9.84516e-05 9.79199e-05 9.76206e-05 0.000103458 9.33557e-05 0.000642236 0.000583605 0.000548075 0.000506452 0.000475062 0.000443452 0.000423719 0.000421184 0.000417531 0.000386425 0.000349499 0.000323408 0.000302914 0.000285593 0.000272408 0.000256195 0.00024245 0.000227221 0.000202162 0.000177368 0.000162647 0.000146289 0.000137919 0.000120134 0.000103097 9.38111e-05 9.33926e-05 9.27278e-05 9.7597e-05 8.83223e-05 0.000617489 0.000558256 0.000522186 0.000481217 0.000450634 0.000420452 0.000401773 0.000399619 0.000395951 0.000365705 0.000330465 0.000305304 0.000285593 0.000269548 0.000257524 0.000242169 0.000228724 0.000214033 0.000190148 0.00016643 0.000152239 0.000136768 0.000129057 0.000112506 9.65395e-05 8.76391e-05 8.6961e-05 8.63337e-05 9.10965e-05 8.20881e-05 0.000618656 0.000551707 0.000510831 0.000466967 0.00043583 0.000406287 0.000388102 0.000386706 0.000383111 0.000352099 0.000317197 0.000292111 0.000272408 0.000257524 0.000247212 0.000232182 0.000218619 0.000204536 0.000181206 0.00015794 0.000143878 0.000128509 0.000121027 0.000105129 8.99238e-05 8.13794e-05 8.08203e-05 8.09127e-05 8.63905e-05 7.76757e-05 0.000575293 0.000514781 0.000477787 0.000437706 0.000408745 0.000381084 0.000364106 0.00036263 0.000359165 0.00033045 0.000297963 0.00027454 0.000256195 0.000242169 0.000232182 0.00021818 0.000205481 0.000192078 0.000170237 0.00014845 0.000135285 0.000121078 0.000114201 9.94224e-05 8.51661e-05 7.70723e-05 7.63461e-05 7.61223e-05 8.09514e-05 7.26605e-05 0.000525262 0.000474333 0.000443441 0.000408276 0.000382446 0.000356875 0.000340927 0.000339153 0.000336227 0.000310521 0.000280461 0.000259191 0.00024245 0.000228724 0.000218619 0.000205481 0.000194236 0.000182078 0.00016182 0.000141749 0.000129785 0.000116424 0.000109632 9.53062e-05 8.16623e-05 7.42327e-05 7.39911e-05 7.37729e-05 7.80624e-05 7.06333e-05 0.000488104 0.000441232 0.000413096 0.000380334 0.000356854 0.000333171 0.000318101 0.000316418 0.000314116 0.000290435 0.000262224 0.000242729 0.000227221 0.000214033 0.000204536 0.000192078 0.000182078 0.0001714 0.000152578 0.00013405 0.000123141 0.000110244 0.000103359 8.93435e-05 7.63523e-05 6.96829e-05 7.01828e-05 7.05281e-05 7.48925e-05 6.84442e-05 0.000420519 0.000383466 0.000361403 0.00033432 0.000314485 0.000293819 0.000280526 0.000278745 0.00027688 0.000256845 0.000232273 0.000215523 0.000202162 0.000190148 0.000181206 0.000170237 0.00016182 0.000152578 0.000136114 0.000119988 0.000110599 9.92621e-05 9.30235e-05 8.04117e-05 6.87777e-05 6.29607e-05 6.36006e-05 6.37941e-05 6.73957e-05 6.18739e-05 0.000350602 0.000324237 0.000308833 0.000287783 0.000271829 0.000254255 0.000242729 0.000240797 0.000239441 0.000223256 0.00020238 0.000188505 0.000177368 0.00016643 0.00015794 0.00014845 0.000141749 0.00013405 0.000119988 0.000106337 9.85442e-05 8.8737e-05 8.30631e-05 7.17525e-05 6.14261e-05 5.65048e-05 5.73952e-05 5.74735e-05 6.03021e-05 5.5791e-05 0.00030485 0.000286214 0.000275671 0.0002588 0.000245514 0.000229915 0.000219459 0.000217355 0.000216394 0.000202821 0.000184285 0.000172324 0.000162647 0.000152239 0.000143878 0.000135285 0.000129785 0.000123141 0.000110599 9.85442e-05 9.18157e-05 8.29212e-05 7.75035e-05 6.68719e-05 5.7282e-05 5.2952e-05 5.41123e-05 5.41405e-05 5.64627e-05 5.2659e-05 0.000256434 0.000246137 0.000240558 0.000228414 0.000217484 0.000203844 0.000194721 0.000192409 0.000191455 0.000180504 0.000164679 0.000154472 0.000146289 0.000136768 0.000128509 0.000121078 0.000116424 0.000110244 9.92621e-05 8.8737e-05 8.29212e-05 7.54468e-05 7.08368e-05 6.15506e-05 5.29802e-05 4.90195e-05 4.97544e-05 4.91422e-05 5.05066e-05 4.69863e-05 0.000237746 0.000229846 0.000225522 0.000215029 0.000204698 0.000191827 0.000183389 0.000181074 0.000179912 0.000169811 0.000155208 0.000145547 0.000137919 0.000129057 0.000121027 0.000114201 0.000109632 0.000103359 9.30235e-05 8.30631e-05 7.75035e-05 7.08368e-05 6.68555e-05 5.85067e-05 5.05534e-05 4.6642e-05 4.68455e-05 4.57569e-05 4.66094e-05 4.29858e-05 0.000199818 0.000195941 0.000193828 0.00018621 0.000177363 0.000166209 0.000159076 0.000156847 0.000155546 0.0001472 0.000134955 0.000126598 0.000120134 0.000112506 0.000105129 9.94224e-05 9.53062e-05 8.93435e-05 8.04117e-05 7.17525e-05 6.68719e-05 6.15506e-05 5.85067e-05 5.17036e-05 4.49166e-05 4.13143e-05 4.09307e-05 3.93409e-05 3.95072e-05 3.60179e-05 0.000165192 0.000164259 0.000163844 0.000158461 0.000151152 0.000141688 0.000135696 0.000133622 0.000132401 0.000125665 0.000115495 0.000108469 0.000103097 9.65395e-05 8.99238e-05 8.51661e-05 8.16623e-05 7.63523e-05 6.87777e-05 6.14261e-05 5.7282e-05 5.29802e-05 5.05534e-05 4.49166e-05 3.91462e-05 3.59822e-05 3.54171e-05 3.37161e-05 3.35208e-05 3.04059e-05 0.000142851 0.000144402 0.000145618 0.000141744 0.000135757 0.000127401 0.000121976 0.00011995 0.000119023 0.000113477 0.000104465 9.84516e-05 9.38111e-05 8.76391e-05 8.13794e-05 7.70723e-05 7.42327e-05 6.96829e-05 6.29607e-05 5.65048e-05 5.2952e-05 4.90195e-05 4.6642e-05 4.13143e-05 3.59822e-05 3.32241e-05 3.29642e-05 3.14847e-05 3.12498e-05 2.86323e-05 0.000141015 0.000142362 0.00014374 0.000139591 0.000134169 0.000126059 0.000120495 0.000118524 0.00011804 0.000112714 0.000103571 9.79199e-05 9.33926e-05 8.6961e-05 8.08203e-05 7.63461e-05 7.39911e-05 7.01828e-05 6.36006e-05 5.73952e-05 5.41123e-05 4.97544e-05 4.68455e-05 4.09307e-05 3.54171e-05 3.29642e-05 3.3453e-05 3.26099e-05 3.28218e-05 3.07263e-05 0.000154558 0.000150281 0.000148401 0.000141549 0.000135568 0.000127287 0.000121442 0.000119865 0.000119682 0.00011342 0.000103533 9.76206e-05 9.27278e-05 8.63337e-05 8.09127e-05 7.61223e-05 7.37729e-05 7.05281e-05 6.37941e-05 5.74735e-05 5.41405e-05 4.91422e-05 4.57569e-05 3.93409e-05 3.37161e-05 3.14847e-05 3.26099e-05 3.26339e-05 3.36868e-05 3.19479e-05 0.000186853 0.000173575 0.000166284 0.000154968 0.000147264 0.000138009 0.000131483 0.00013039 0.000130301 0.000121994 0.000110445 0.000103458 9.7597e-05 9.10965e-05 8.63905e-05 8.09514e-05 7.80624e-05 7.48925e-05 6.73957e-05 6.03021e-05 5.64627e-05 5.05066e-05 4.66094e-05 3.95072e-05 3.35208e-05 3.12498e-05 3.28218e-05 3.36868e-05 3.57602e-05 3.40432e-05 0.000161889 0.00015184 0.000146727 0.0001372 0.00013113 0.000123103 0.000117121 0.00011604 0.000116383 0.00010949 9.91456e-05 9.33557e-05 8.83223e-05 8.20881e-05 7.76757e-05 7.26605e-05 7.06333e-05 6.84442e-05 6.18739e-05 5.5791e-05 5.2659e-05 4.69863e-05 4.29858e-05 3.60179e-05 3.04059e-05 2.86323e-05 3.07263e-05 3.19479e-05 3.40432e-05 3.29852e-05 
