3.0661e-05 2.99385e-05 3.23219e-05 3.52771e-05 3.95162e-05 4.27795e-05 4.78625e-05 5.42739e-05 6.04359e-05 6.37651e-05 6.65596e-05 6.9536e-05 7.28836e-05 7.75733e-05 8.39907e-05 8.97022e-05 9.3573e-05 9.59731e-05 9.64685e-05 9.58643e-05 9.49397e-05 9.44918e-05 9.77227e-05 9.94532e-05 0.000100486 0.00010312 0.000105616 0.000111068 0.00012001 0.000126372 2.99385e-05 2.93808e-05 3.17251e-05 3.45308e-05 3.86378e-05 4.18696e-05 4.68042e-05 5.29253e-05 5.87689e-05 6.18483e-05 6.4521e-05 6.72938e-05 7.046e-05 7.50984e-05 8.13371e-05 8.68703e-05 9.06115e-05 9.28862e-05 9.32104e-05 9.23933e-05 9.14486e-05 9.1095e-05 9.43845e-05 9.61926e-05 9.72872e-05 9.99375e-05 0.000102293 0.000107525 0.00011627 0.000122393 3.23219e-05 3.17251e-05 3.45103e-05 3.76839e-05 4.19801e-05 4.54189e-05 5.06986e-05 5.72862e-05 6.35007e-05 6.67215e-05 6.94612e-05 7.24732e-05 7.60451e-05 8.09856e-05 8.72535e-05 9.27107e-05 9.65469e-05 9.89328e-05 9.94698e-05 9.90688e-05 9.83753e-05 9.79772e-05 0.000101464 0.000103316 0.000104002 0.000106044 0.000108395 0.000113698 0.000122351 0.000128283 3.52771e-05 3.45308e-05 3.76839e-05 4.12711e-05 4.5914e-05 4.96123e-05 5.53703e-05 6.26421e-05 6.94927e-05 7.30704e-05 7.6026e-05 7.94105e-05 8.34519e-05 8.87721e-05 9.54023e-05 0.000101134 0.000105247 0.000107862 0.000108645 0.000108593 0.000108024 0.000107526 0.000111211 0.000113105 0.000113554 0.00011533 0.000117856 0.000123535 0.000132583 0.000138785 3.95162e-05 3.86378e-05 4.19801e-05 4.5914e-05 5.12235e-05 5.53912e-05 6.18833e-05 7.00804e-05 7.78682e-05 8.19961e-05 8.54277e-05 8.92403e-05 9.36822e-05 9.96752e-05 0.00010745 0.000114258 0.000119023 0.000122022 0.000122804 0.000122454 0.00012159 0.000121022 0.000125162 0.000127326 0.000128167 0.000130733 0.000133724 0.000140361 0.000151067 0.000158531 4.27795e-05 4.18696e-05 4.54189e-05 4.96123e-05 5.53912e-05 5.99308e-05 6.69647e-05 7.58044e-05 8.42129e-05 8.86623e-05 9.24036e-05 9.64871e-05 0.000101221 0.000107746 0.000116291 0.000123799 0.000129006 0.000132252 0.000132999 0.000132415 0.000131371 0.000130786 0.000135325 0.000137731 0.000138811 0.00014185 0.00014512 0.00015238 0.000164204 0.000172456 4.78625e-05 4.68042e-05 5.06986e-05 5.53703e-05 6.18833e-05 6.69647e-05 7.48554e-05 8.47879e-05 9.42677e-05 9.93202e-05 0.000103562 0.000108161 0.000113441 0.000120744 0.000130444 0.000139003 0.000144896 0.000148566 0.00014939 0.000148659 0.000147411 0.000146738 0.0001518 0.000154489 0.000155815 0.000159427 0.000163162 0.000171405 0.000184854 0.000194303 5.42739e-05 5.29253e-05 5.72862e-05 6.26421e-05 7.00804e-05 7.58044e-05 8.47879e-05 9.61934e-05 0.00010713 0.000113047 0.000117934 0.00012328 0.000129347 0.000137579 0.000148676 0.000158502 0.000165253 0.000169494 0.00017056 0.000169887 0.000168464 0.00016762 0.000173235 0.00017618 0.000177672 0.000181813 0.000186158 0.000195648 0.000211003 0.000221909 6.04359e-05 5.87689e-05 6.35007e-05 6.94927e-05 7.78682e-05 8.42129e-05 9.42677e-05 0.00010713 0.000119539 0.000126359 0.000131924 0.000138016 0.000144821 0.000153951 0.000166532 0.000177736 0.00018538 0.000190207 0.000191493 0.000190794 0.00018912 0.000188095 0.000194225 0.000197416 0.000199187 0.000204053 0.000209061 0.000219873 0.000237282 0.000249808 6.37651e-05 6.18483e-05 6.67215e-05 7.30704e-05 8.19961e-05 8.86623e-05 9.93202e-05 0.000113047 0.000126359 0.000133777 0.000139765 0.000146326 0.000153554 0.00016315 0.000176639 0.000188712 0.000196898 0.000202092 0.000203542 0.000202853 0.000201002 0.000199838 0.000206189 0.000209471 0.000211446 0.000216824 0.00022227 0.000233911 0.000252579 0.000266159 6.65596e-05 6.4521e-05 6.94612e-05 7.6026e-05 8.54277e-05 9.24036e-05 0.000103562 0.000117934 0.000131924 0.000139765 0.000146111 0.000152981 0.000160463 0.000170504 0.000184853 0.000197755 0.000206422 0.000211899 0.000213346 0.00021241 0.000210304 0.000209079 0.000215713 0.000219167 0.000221486 0.000227541 0.000233353 0.000245719 0.000265644 0.000280221 6.9536e-05 6.72938e-05 7.24732e-05 7.94105e-05 8.92403e-05 9.64871e-05 0.000108161 0.00012328 0.000138016 0.000146326 0.000152981 0.000160262 0.000168176 0.000178612 0.000193566 0.000207015 0.000216074 0.00022184 0.000223496 0.000222752 0.000220624 0.000219278 0.000226098 0.000229604 0.000231899 0.000238065 0.000244175 0.000257122 0.000277829 0.000293043 7.28836e-05 7.046e-05 7.60451e-05 8.34519e-05 9.36822e-05 0.000101221 0.000113441 0.000129347 0.000144821 0.000153554 0.000160463 0.000168176 0.000176624 0.000187488 0.000202873 0.000216656 0.00022604 0.000232074 0.000234014 0.000233665 0.000231669 0.000230203 0.00023724 0.000240787 0.000242826 0.000248715 0.000255038 0.000268431 0.000289615 0.000305168 7.75733e-05 7.50984e-05 8.09856e-05 8.87721e-05 9.96752e-05 0.000107746 0.000120744 0.000137579 0.000153951 0.00016315 0.000170504 0.000178612 0.000187488 0.000199112 0.000215595 0.000230375 0.00024039 0.000246782 0.000248682 0.000248015 0.000245771 0.000244276 0.00025188 0.000255768 0.000258136 0.000264684 0.000271407 0.000285691 0.000308464 0.000325139 8.39907e-05 8.13371e-05 8.72535e-05 9.54023e-05 0.00010745 0.000116291 0.000130444 0.000148676 0.000166532 0.000176639 0.000184853 0.000193566 0.000202873 0.000215595 0.000234283 0.000251215 0.000262418 0.000269449 0.000271127 0.000269477 0.000266444 0.000264875 0.000273257 0.000277678 0.000281163 0.00028976 0.000297368 0.000313439 0.000339533 0.000358797 8.97022e-05 8.68703e-05 9.27107e-05 0.000101134 0.000114258 0.000123799 0.000139003 0.000158502 0.000177736 0.000188712 0.000197755 0.000207015 0.000216656 0.000230375 0.000251215 0.000270268 0.000282613 0.000290248 0.000291675 0.000288986 0.000285127 0.000283489 0.000292575 0.000297494 0.000302159 0.000312894 0.000321374 0.000339183 0.000368541 0.000390386 9.3573e-05 9.06115e-05 9.65469e-05 0.000105247 0.000119023 0.000129006 0.000144896 0.000165253 0.00018538 0.000196898 0.000206422 0.000216074 0.00022604 0.00024039 0.000262418 0.000282613 0.000295616 0.000303626 0.000305003 0.000301908 0.000297683 0.000295983 0.000305496 0.000310686 0.000315855 0.000327556 0.000336522 0.000355314 0.000386425 0.000409632 9.59731e-05 9.28862e-05 9.89328e-05 0.000107862 0.000122022 0.000132252 0.000148566 0.000169494 0.000190207 0.000202092 0.000211899 0.00022184 0.000232074 0.000246782 0.000269449 0.000290248 0.000303626 0.000311874 0.000313313 0.000310146 0.000305781 0.000304012 0.000313734 0.000319032 0.000324374 0.000336463 0.000345713 0.000365065 0.00039708 0.000421006 9.64685e-05 9.32104e-05 9.94698e-05 0.000108645 0.000122804 0.000132999 0.00014939 0.00017056 0.000191493 0.000203542 0.000213346 0.000223496 0.000234014 0.000248682 0.000271127 0.000291675 0.000305003 0.000313313 0.000315079 0.000312519 0.000308433 0.000306552 0.000316128 0.000321247 0.000326133 0.000337556 0.000346791 0.00036607 0.000397614 0.000421228 9.58643e-05 9.23933e-05 9.90688e-05 0.000108593 0.000122454 0.000132415 0.000148659 0.000169887 0.000190794 0.000202853 0.00021241 0.000222752 0.000233665 0.000248015 0.000269477 0.000288986 0.000301908 0.000310146 0.000312519 0.000311264 0.000307894 0.000305855 0.000315026 0.000319728 0.000323499 0.000333165 0.000342112 0.000360763 0.000390586 0.000412912 9.49397e-05 9.14486e-05 9.83753e-05 0.000108024 0.00012159 0.000131371 0.000147411 0.000168464 0.00018912 0.000201002 0.000210304 0.000220624 0.000231669 0.000245771 0.000266444 0.000285127 0.000297683 0.000305781 0.000308433 0.000307894 0.000304987 0.000302913 0.000311859 0.00031634 0.00031941 0.000327911 0.000336563 0.000354633 0.00038316 0.000404449 9.44918e-05 9.1095e-05 9.79772e-05 0.000107526 0.000121022 0.000130786 0.000146738 0.00016762 0.000188095 0.000199838 0.000209079 0.000219278 0.000230203 0.000244276 0.000264875 0.000283489 0.000295983 0.000304012 0.000306552 0.000305855 0.000302913 0.000300894 0.000309874 0.000314405 0.000317547 0.000326117 0.0003347 0.000352665 0.00038113 0.000402327 9.77227e-05 9.43845e-05 0.000101464 0.000111211 0.000125162 0.000135325 0.0001518 0.000173235 0.000194225 0.000206189 0.000215713 0.000226098 0.00023724 0.00025188 0.000273257 0.000292575 0.000305496 0.000313734 0.000316128 0.000315026 0.000311859 0.000309874 0.000319337 0.000324187 0.000327654 0.000336797 0.00034562 0.00036417 0.000393808 0.000415777 9.94532e-05 9.61926e-05 0.000103316 0.000113105 0.000127326 0.000137731 0.000154489 0.00017618 0.000197416 0.000209471 0.000219167 0.000229604 0.000240787 0.000255768 0.000277678 0.000297494 0.000310686 0.000319032 0.000321247 0.000319728 0.00031634 0.000314405 0.000324187 0.000329272 0.000333071 0.000342763 0.00035174 0.000370665 0.000401143 0.000423676 0.000100486 9.72872e-05 0.000104002 0.000113554 0.000128167 0.000138811 0.000155815 0.000177672 0.000199187 0.000211446 0.000221486 0.000231899 0.000242826 0.000258136 0.000281163 0.000302159 0.000315855 0.000324374 0.000326133 0.000323499 0.00031941 0.000317547 0.000327654 0.000333071 0.000337937 0.000349381 0.000358764 0.000378493 0.000410833 0.000434854 0.00010312 9.99375e-05 0.000106044 0.00011533 0.000130733 0.00014185 0.000159427 0.000181813 0.000204053 0.000216824 0.000227541 0.000238065 0.000248715 0.000264684 0.00028976 0.000312894 0.000327556 0.000336463 0.000337556 0.000333165 0.000327911 0.000326117 0.000336797 0.000342763 0.000349381 0.000363756 0.000373923 0.000395182 0.000430858 0.000457563 0.000105616 0.000102293 0.000108395 0.000117856 0.000133724 0.00014512 0.000163162 0.000186158 0.000209061 0.00022227 0.000233353 0.000244175 0.000255038 0.000271407 0.000297368 0.000321374 0.000336522 0.000345713 0.000346791 0.000342112 0.000336563 0.0003347 0.00034562 0.00035174 0.000358764 0.000373923 0.000384479 0.000406487 0.00044347 0.000471245 0.000111068 0.000107525 0.000113698 0.000123535 0.000140361 0.00015238 0.000171405 0.000195648 0.000219873 0.000233911 0.000245719 0.000257122 0.000268431 0.000285691 0.000313439 0.000339183 0.000355314 0.000365065 0.00036607 0.000360763 0.000354633 0.000352665 0.00036417 0.000370665 0.000378493 0.000395182 0.000406487 0.000429982 0.000469611 0.000499484 0.00012001 0.00011627 0.000122351 0.000132583 0.000151067 0.000164204 0.000184854 0.000211003 0.000237282 0.000252579 0.000265644 0.000277829 0.000289615 0.000308464 0.000339533 0.000368541 0.000386425 0.00039708 0.000397614 0.000390586 0.00038316 0.00038113 0.000393808 0.000401143 0.000410833 0.000430858 0.00044347 0.000469611 0.000514308 0.000548126 0.000126372 0.000122393 0.000128283 0.000138785 0.000158531 0.000172456 0.000194303 0.000221909 0.000249808 0.000266159 0.000280221 0.000293043 0.000305168 0.000325139 0.000358797 0.000390386 0.000409632 0.000421006 0.000421228 0.000412912 0.000404449 0.000402327 0.000415777 0.000423676 0.000434854 0.000457563 0.000471245 0.000499484 0.000548126 0.000585112 
0.00222766 0.0020543 0.0019393 0.0018239 0.00172195 0.00163617 0.00161678 0.00165926 0.00170959 0.00170615 0.00164764 0.00154882 0.00145171 0.0014246 0.00144108 0.00142257 0.00132863 0.00124765 0.00116066 0.00105113 0.000965011 0.000891005 0.000847166 0.000788026 0.000712165 0.000629871 0.00054328 0.000480175 0.000456233 0.000411026 0.0020543 0.00189696 0.00179337 0.00168918 0.00159726 0.0015199 0.00150313 0.00154269 0.00158781 0.00158279 0.00152749 0.00143702 0.00134928 0.00132469 0.00133908 0.0013216 0.00123646 0.00116198 0.00108213 0.000982553 0.000903598 0.000834888 0.000794001 0.000739077 0.00066857 0.000592738 0.000513819 0.000456257 0.00043403 0.000392152 0.0019393 0.00179337 0.00169814 0.0016021 0.00151749 0.00144627 0.00143159 0.00146934 0.0015106 0.00150393 0.00145036 0.00136563 0.00128469 0.00126189 0.00127464 0.00125772 0.00117888 0.00110877 0.00103379 0.000941268 0.00086721 0.000801866 0.000762789 0.000710537 0.000643407 0.000571881 0.00049835 0.000444669 0.000423537 0.000383814 0.0018239 0.00168918 0.0016021 0.00151404 0.00143663 0.00137142 0.00135875 0.00139469 0.00143219 0.00142411 0.0013724 0.00129343 0.00121919 0.00119811 0.00120926 0.00119295 0.00112031 0.00105459 0.000984501 0.000898976 0.000829804 0.000767866 0.0007306 0.000681039 0.000617331 0.000550139 0.00048197 0.000432176 0.000412212 0.000374753 0.00172195 0.00159726 0.00151749 0.00143663 0.00136574 0.00130594 0.00129514 0.00132954 0.00136369 0.00135431 0.00130424 0.00123045 0.00116228 0.0011427 0.00115237 0.00113657 0.00106951 0.00100771 0.000942016 0.000862805 0.000797993 0.000739019 0.000703262 0.000656021 0.000595284 0.00053195 0.000468625 0.000422366 0.000403506 0.000368158 0.00163617 0.0015199 0.00144627 0.00137142 0.00130594 0.00125068 0.00124141 0.00127447 0.00130579 0.00129529 0.00124656 0.00117707 0.00111392 0.00109565 0.0011041 0.00108874 0.00102635 0.000967812 0.00090576 0.000831796 0.00077063 0.000714174 0.000679751 0.000634499 0.000576288 0.000516176 0.000456866 0.000413514 0.000395513 0.000361835 0.00161678 0.00150313 0.00143159 0.00135875 0.00129514 0.00124141 0.00123283 0.00126573 0.00129604 0.0012848 0.00123602 0.00116773 0.00110629 0.00108838 0.00109632 0.00108093 0.00102004 0.000962317 0.000901235 0.000828907 0.00076871 0.000712676 0.000678379 0.000633443 0.000575629 0.000516279 0.000458182 0.000415713 0.000397915 0.000364638 0.00165926 0.00154269 0.00146934 0.00139469 0.00132954 0.00127447 0.00126573 0.00129958 0.00133066 0.00131914 0.00126909 0.0011991 0.00113617 0.00111775 0.00112583 0.00111003 0.00104762 0.00098842 0.000925817 0.000851705 0.000789966 0.000732419 0.000697129 0.000650954 0.000591576 0.000530699 0.000471176 0.000427694 0.000409516 0.0003755 0.00170959 0.00158781 0.0015106 0.00143219 0.00136369 0.00130579 0.00129604 0.00133066 0.00136354 0.00135291 0.00130223 0.00122968 0.00116364 0.00114439 0.00115324 0.00113723 0.00107195 0.00101082 0.000946074 0.000868765 0.000804848 0.000745863 0.000709806 0.000662487 0.000601672 0.000538911 0.000476963 0.000431743 0.000413113 0.000378194 0.00170615 0.00158279 0.00150393 0.00142411 0.00135431 0.00129529 0.0012848 0.00131914 0.00135291 0.00134372 0.00129417 0.00122139 0.00115424 0.00113467 0.00114404 0.00112836 0.00106218 0.00100107 0.000936263 0.000858157 0.000794064 0.000735503 0.00069976 0.000652764 0.000592437 0.000529795 0.000467377 0.000421885 0.000403506 0.000368955 0.00164764 0.00152749 0.00145036 0.0013724 0.00130424 0.00124656 0.00123602 0.00126909 0.00130223 0.00129417 0.0012469 0.00117643 0.00111092 0.00109181 0.00110115 0.00108616 0.00102169 0.000962636 0.000899967 0.000824039 0.000761983 0.00070559 0.000671181 0.000625908 0.000567842 0.000507354 0.000446771 0.000402665 0.000385064 0.000351907 0.00154882 0.00143702 0.00136563 0.00129343 0.00123045 0.00117707 0.00116773 0.0011991 0.00122968 0.00122139 0.00117643 0.00111062 0.00105 0.00103212 0.00104046 0.00102619 0.000966331 0.000910964 0.000852352 0.000781763 0.000723683 0.000670415 0.000637721 0.000594908 0.000540022 0.000483241 0.000426844 0.000385819 0.000369366 0.000338356 0.00145171 0.00134928 0.00128469 0.00121919 0.00116228 0.00111392 0.00110629 0.00113617 0.00116364 0.00115424 0.00111092 0.00105 0.000995041 0.000978559 0.000985539 0.00097178 0.000917146 0.000865494 0.000811044 0.000746368 0.000692409 0.000641997 0.000610776 0.000570201 0.000518184 0.000465073 0.000413223 0.000375519 0.000360125 0.000331134 0.0014246 0.00132469 0.00126189 0.00119811 0.0011427 0.00109565 0.00108838 0.00111775 0.00114439 0.00113467 0.00109181 0.00103212 0.000978559 0.000962524 0.000969215 0.000955619 0.000902323 0.000851657 0.000798256 0.000735068 0.000682205 0.000632646 0.000601961 0.000562087 0.000510934 0.000458805 0.000408088 0.000371173 0.000355959 0.000327355 0.00144108 0.00133908 0.00127464 0.00120926 0.00115237 0.0011041 0.00109632 0.00112583 0.00115324 0.00114404 0.00110115 0.00104046 0.000985539 0.000969215 0.000976316 0.000962713 0.000908218 0.000856866 0.000802649 0.000738136 0.000684471 0.000634531 0.000603727 0.000563573 0.000512057 0.000459279 0.000407569 0.000369923 0.000354513 0.000325535 0.00142257 0.0013216 0.00125772 0.00119295 0.00113657 0.00108874 0.00108093 0.00111003 0.00113723 0.00112836 0.00108616 0.00102619 0.00097178 0.000955619 0.000962713 0.000949327 0.000895376 0.000844665 0.000791109 0.000727277 0.000674253 0.000625003 0.000594638 0.000555038 0.000504241 0.000452137 0.000400996 0.000363772 0.000348583 0.000320007 0.00132863 0.00123646 0.00117888 0.00112031 0.00106951 0.00102635 0.00102004 0.00104762 0.00107195 0.00106218 0.00102169 0.000966331 0.000917146 0.000902323 0.000908218 0.000895376 0.000846286 0.000799128 0.000749514 0.000691198 0.000642094 0.000595674 0.000566829 0.000529463 0.000481519 0.000432941 0.000386054 0.000351924 0.000337724 0.000311046 0.00124765 0.00116198 0.00110877 0.00105459 0.00100771 0.000967812 0.000962317 0.00098842 0.00101082 0.00100107 0.000962636 0.000910964 0.000865494 0.000851657 0.000856866 0.000844665 0.000799128 0.000754948 0.000708567 0.000654388 0.000608465 0.000564684 0.000537352 0.000502079 0.000456833 0.000411268 0.000367643 0.000335904 0.000322614 0.000297643 0.00116066 0.00108213 0.00103379 0.000984501 0.000942016 0.00090576 0.000901235 0.000925817 0.000946074 0.000936263 0.000899967 0.000852352 0.000811044 0.000798256 0.000802649 0.000791109 0.000749514 0.000708567 0.00066573 0.00061614 0.000573681 0.000532686 0.000506898 0.00047382 0.000431416 0.000389111 0.000349098 0.000320024 0.00030776 0.000284699 0.00105113 0.000982553 0.000941268 0.000898976 0.000862805 0.000831796 0.000828907 0.000851705 0.000868765 0.000858157 0.000824039 0.000781763 0.000746368 0.000735068 0.000738136 0.000727277 0.000691198 0.000654388 0.00061614 0.000572854 0.000534925 0.000497271 0.00047327 0.000442819 0.000403791 0.000365606 0.00033048 0.000304982 0.000293933 0.000273172 0.000965011 0.000903598 0.00086721 0.000829804 0.000797993 0.00077063 0.00076871 0.000789966 0.000804848 0.000794064 0.000761983 0.000723683 0.000692409 0.000682205 0.000684471 0.000674253 0.000642094 0.000608465 0.000573681 0.000534925 0.000500421 0.000465531 0.000443105 0.00041485 0.000378641 0.000343661 0.000312086 0.000289179 0.000279069 0.000260083 0.000891005 0.000834888 0.000801866 0.000767866 0.000739019 0.000714174 0.000712676 0.000732419 0.000745863 0.000735503 0.00070559 0.000670415 0.000641997 0.000632646 0.000634531 0.000625003 0.000595674 0.000564684 0.000532686 0.000497271 0.000465531 0.000433197 0.000412349 0.000386151 0.000352577 0.000320307 0.000291402 0.000270437 0.000261107 0.000243593 0.000847166 0.000794001 0.000762789 0.0007306 0.000703262 0.000679751 0.000678379 0.000697129 0.000709806 0.00069976 0.000671181 0.000637721 0.000610776 0.000601961 0.000603727 0.000594638 0.000566829 0.000537352 0.000506898 0.00047327 0.000443105 0.000412349 0.000392557 0.000367656 0.000335718 0.000305015 0.000277543 0.000257589 0.000248633 0.000231853 0.000788026 0.000739077 0.000710537 0.000681039 0.000656021 0.000634499 0.000633443 0.000650954 0.000662487 0.000652764 0.000625908 0.000594908 0.000570201 0.000562087 0.000563573 0.000555038 0.000529463 0.000502079 0.00047382 0.000442819 0.00041485 0.000386151 0.000367656 0.00034442 0.000314604 0.000286053 0.000260679 0.000242237 0.000233868 0.000218209 0.000712165 0.00066857 0.000643407 0.000617331 0.000595284 0.000576288 0.000575629 0.000591576 0.000601672 0.000592437 0.000567842 0.000540022 0.000518184 0.000510934 0.000512057 0.000504241 0.000481519 0.000456833 0.000431416 0.000403791 0.000378641 0.000352577 0.000335718 0.000314604 0.000287507 0.00026173 0.000239063 0.000222588 0.000215019 0.000200868 0.000629871 0.000592738 0.000571881 0.000550139 0.00053195 0.000516176 0.000516279 0.000530699 0.000538911 0.000529795 0.000507354 0.000483241 0.000465073 0.000458805 0.000459279 0.000452137 0.000432941 0.000411268 0.000389111 0.000365606 0.000343661 0.000320307 0.000305015 0.000286053 0.00026173 0.00023901 0.000219602 0.000205516 0.000198875 0.000186462 0.00054328 0.000513819 0.00049835 0.00048197 0.000468625 0.000456866 0.000458182 0.000471176 0.000476963 0.000467377 0.000446771 0.000426844 0.000413223 0.000408088 0.000407569 0.000400996 0.000386054 0.000367643 0.000349098 0.00033048 0.000312086 0.000291402 0.000277543 0.000260679 0.000239063 0.000219602 0.000203998 0.000192706 0.000187055 0.000176503 0.000480175 0.000456257 0.000444669 0.000432176 0.000422366 0.000413514 0.000415713 0.000427694 0.000431743 0.000421885 0.000402665 0.000385819 0.000375519 0.000371173 0.000369923 0.000363772 0.000351924 0.000335904 0.000320024 0.000304982 0.000289179 0.000270437 0.000257589 0.000242237 0.000222588 0.000205516 0.000192706 0.000183482 0.000178604 0.000169486 0.000456233 0.00043403 0.000423537 0.000412212 0.000403506 0.000395513 0.000397915 0.000409516 0.000413113 0.000403506 0.000385064 0.000369366 0.000360125 0.000355959 0.000354513 0.000348583 0.000337724 0.000322614 0.00030776 0.000293933 0.000279069 0.000261107 0.000248633 0.000233868 0.000215019 0.000198875 0.000187055 0.000178604 0.000174134 0.000165728 0.000411026 0.000392152 0.000383814 0.000374753 0.000368158 0.000361835 0.000364638 0.0003755 0.000378194 0.000368955 0.000351907 0.000338356 0.000331134 0.000327355 0.000325535 0.000320007 0.000311046 0.000297643 0.000284699 0.000273172 0.000260083 0.000243593 0.000231853 0.000218209 0.000200868 0.000186462 0.000176503 0.000169486 0.000165728 0.000158582 
0.00238795 0.00211054 0.00192759 0.00175177 0.00158811 0.00145311 0.00137571 0.00134079 0.00130414 0.00120716 0.00109346 0.000976921 0.000874344 0.000816138 0.000785593 0.000751387 0.000683913 0.000614633 0.000529009 0.000434871 0.000371101 0.000333606 0.000329653 0.00030068 0.000252891 0.00020979 0.000169525 0.000143923 0.000143734 0.000100772 0.00211054 0.00186962 0.00171124 0.00155847 0.00141645 0.00129914 0.00123223 0.00120229 0.00116925 0.00108273 0.000981015 0.000878158 0.000788469 0.000736931 0.000708998 0.000677567 0.000618207 0.000556912 0.000481314 0.000398636 0.000341825 0.000307479 0.000302784 0.000276094 0.000232709 0.000194163 0.000158811 0.000136293 0.000135383 9.63604e-05 0.00192759 0.00171124 0.00156945 0.00143224 0.00130484 0.00119945 0.00113967 0.00111317 0.00108249 0.00100283 0.00090889 0.00081512 0.00073408 0.000686912 0.000660621 0.000630914 0.000576966 0.000520957 0.000452021 0.000377013 0.000324728 0.000292277 0.000286899 0.000261544 0.000220919 0.000185346 0.000153302 0.000132886 0.00013145 9.49645e-05 0.00175177 0.00155847 0.00143224 0.00130973 0.00119614 0.00110197 0.0010489 0.0010257 0.000997476 0.000924615 0.000838335 0.000753363 0.000680578 0.000637592 0.000613052 0.000585221 0.000536492 0.000485622 0.00042316 0.000355551 0.000307652 0.000277101 0.00027112 0.000247102 0.000209257 0.000176638 0.000147824 0.000129513 0.000127738 9.39407e-05 0.00158811 0.00141645 0.00130484 0.00119614 0.00109552 0.00101188 0.000965116 0.000945052 0.000919104 0.000852555 0.000773357 0.000696595 0.000631543 0.000592441 0.000569503 0.000543379 0.000499529 0.000453447 0.000397026 0.000336342 0.000292503 0.00026366 0.000257051 0.000234221 0.000198914 0.000169033 0.000143246 0.000126917 0.000124807 9.34885e-05 0.00145311 0.00129914 0.00119945 0.00110197 0.00101188 0.000936829 0.000895175 0.000877561 0.000853414 0.000792005 0.000718667 0.000648593 0.000589825 0.000553958 0.000532324 0.00050759 0.000467704 0.000425528 0.000374015 0.000318936 0.000278482 0.00025116 0.000244169 0.000222434 0.000189279 0.000161634 0.000138264 0.000123472 0.000121046 9.17021e-05 0.00137571 0.00123223 0.00113967 0.0010489 0.000965116 0.000895175 0.000856611 0.000840556 0.000817469 0.000759017 0.000688959 0.000622795 0.000567758 0.000533715 0.000512792 0.000488806 0.000451255 0.000411351 0.000362716 0.000310964 0.000272398 0.000245795 0.000238412 0.000217154 0.000185125 0.000158756 0.000136849 0.000123021 0.000120406 9.2194e-05 0.00134079 0.00120229 0.00111317 0.0010257 0.000945052 0.000877561 0.000840556 0.000825413 0.000802917 0.000745898 0.000677288 0.000613015 0.000559812 0.000526544 0.000505964 0.000482337 0.000445932 0.00040712 0.0003599 0.000309815 0.000272044 0.000245588 0.000237817 0.000216593 0.000184979 0.000159214 0.000138092 0.000124848 0.000122204 9.46043e-05 0.00130414 0.00116925 0.00108249 0.000997476 0.000919104 0.000853414 0.000817469 0.000802917 0.00078127 0.000726044 0.000659412 0.000597056 0.000545398 0.000512985 0.00049311 0.000470302 0.000434988 0.000397337 0.00035156 0.00030301 0.000266248 0.000240416 0.000232709 0.000211944 0.000181203 0.000156238 0.000135838 0.000123149 0.000120743 9.41668e-05 0.00120716 0.00108273 0.00100283 0.000924615 0.000852555 0.000792005 0.000759017 0.000745898 0.000726044 0.000675084 0.000613345 0.00055584 0.00050828 0.000478196 0.00045983 0.000438746 0.000406212 0.000371474 0.000329295 0.000284634 0.000250508 0.000226297 0.000218802 0.000199272 0.000170654 0.000147592 0.000128918 0.00011742 0.000115281 9.08441e-05 0.00109346 0.000981015 0.00090889 0.000838335 0.000773357 0.000718667 0.000688959 0.000677288 0.000659412 0.000613345 0.000557382 0.000505421 0.000462496 0.000435197 0.000418577 0.000399492 0.000370117 0.000338717 0.000300627 0.000260341 0.00022937 0.000207256 0.00020025 0.000182372 0.00015635 0.000135486 0.000118697 0.000108431 0.000106544 8.45043e-05 0.000976921 0.000878158 0.00081512 0.000753363 0.000696595 0.000648593 0.000622795 0.000613015 0.000597056 0.00055584 0.000505421 0.000459273 0.000421483 0.000396979 0.000381893 0.000364526 0.000338531 0.000310581 0.000276785 0.000241247 0.000213342 0.000192909 0.00018591 0.000169289 0.000145531 0.000126811 0.000112107 0.000103237 0.000101432 8.16157e-05 0.000874344 0.000788469 0.00073408 0.000680578 0.000631543 0.000589825 0.000567758 0.000559812 0.000545398 0.00050828 0.000462496 0.000421483 0.000388398 0.000366338 0.00035241 0.000336311 0.000313338 0.000288407 0.000258397 0.000227131 0.000201838 0.000182654 0.000175436 0.000159716 0.000137727 0.000120799 0.000107968 0.000100336 9.84493e-05 8.03681e-05 0.000816138 0.000736931 0.000686912 0.000637592 0.000592441 0.000553958 0.000533715 0.000526544 0.000512985 0.000478196 0.000435197 0.000396979 0.000366338 0.000345714 0.000332525 0.000317254 0.000295892 0.000272626 0.000244661 0.000215629 0.000191912 0.000173707 0.000166663 0.000151717 0.000130928 0.000115041 0.000103146 9.60848e-05 9.41835e-05 7.71145e-05 0.000785593 0.000708998 0.000660621 0.000613052 0.000569503 0.000532324 0.000512792 0.000505964 0.00049311 0.00045983 0.000418577 0.000381893 0.00035241 0.000332525 0.000319979 0.000305465 0.000284954 0.000262632 0.000235815 0.000207958 0.000185135 0.000167607 0.000160787 0.000146374 0.00012643 0.000111228 9.98665e-05 9.31982e-05 9.15239e-05 7.53366e-05 0.000751387 0.000677567 0.000630914 0.000585221 0.000543379 0.00050759 0.000488806 0.000482337 0.000470302 0.000438746 0.000399492 0.000364526 0.000336311 0.000317254 0.000305465 0.000291844 0.00027228 0.000251021 0.000225492 0.000198938 0.000177132 0.000160399 0.000153866 0.000140081 0.000121124 0.000106707 9.59398e-05 8.97134e-05 8.83239e-05 7.31682e-05 0.000683913 0.000618207 0.000576966 0.000536492 0.000499529 0.000467704 0.000451255 0.000445932 0.000434988 0.000406212 0.000370117 0.000338531 0.000313338 0.000295892 0.000284954 0.00027228 0.000254689 0.000235429 0.000212398 0.000188625 0.000168571 0.000152751 0.000146159 0.000133046 0.000115347 0.000102154 9.26117e-05 8.72076e-05 8.58387e-05 7.19336e-05 0.000614633 0.000556912 0.000520957 0.000485622 0.000453447 0.000425528 0.000411351 0.00040712 0.000397337 0.000371474 0.000338717 0.000310581 0.000288407 0.000272626 0.000262632 0.000251021 0.000235429 0.000218223 0.000197741 0.000176773 0.000158557 0.000143778 0.000137233 0.000124905 0.000108592 9.6689e-05 8.83779e-05 8.37998e-05 8.25056e-05 6.99587e-05 0.000529009 0.000481314 0.000452021 0.00042316 0.000397026 0.000374015 0.000362716 0.0003599 0.00035156 0.000329295 0.000300627 0.000276785 0.000258397 0.000244661 0.000235815 0.000225492 0.000212398 0.000197741 0.000180436 0.000162981 0.000147015 0.000133456 0.000126895 0.000115473 0.000100825 9.05112e-05 8.37532e-05 8.02289e-05 7.90197e-05 6.81458e-05 0.000434871 0.000398636 0.000377013 0.000355551 0.000336342 0.000318936 0.000310964 0.000309815 0.00030301 0.000284634 0.000260341 0.000241247 0.000227131 0.000215629 0.000207958 0.000198938 0.000188625 0.000176773 0.000162981 0.000149457 0.000135913 0.000123562 0.000116844 0.000106295 9.33579e-05 8.47501e-05 7.97356e-05 7.73966e-05 7.62152e-05 6.70905e-05 0.000371101 0.000341825 0.000324728 0.000307652 0.000292503 0.000278482 0.000272398 0.000272044 0.000266248 0.000250508 0.00022937 0.000213342 0.000201838 0.000191912 0.000185135 0.000177132 0.000168571 0.000158557 0.000147015 0.000135913 0.000124128 0.000112933 0.000106485 9.68545e-05 8.53223e-05 7.78986e-05 7.39055e-05 7.22013e-05 7.10776e-05 6.31685e-05 0.000333606 0.000307479 0.000292277 0.000277101 0.00026366 0.00025116 0.000245795 0.000245588 0.000240416 0.000226297 0.000207256 0.000192909 0.000182654 0.000173707 0.000167607 0.000160399 0.000152751 0.000143778 0.000133456 0.000123562 0.000112933 0.000102766 9.68509e-05 8.80901e-05 7.76589e-05 7.099e-05 6.74615e-05 6.59991e-05 6.50001e-05 5.79165e-05 0.000329653 0.000302784 0.000286899 0.00027112 0.000257051 0.000244169 0.000238412 0.000237817 0.000232709 0.000218802 0.00020025 0.00018591 0.000175436 0.000166663 0.000160787 0.000153866 0.000146159 0.000137233 0.000126895 0.000116844 0.000106485 9.68509e-05 9.14544e-05 8.31916e-05 7.31971e-05 6.66604e-05 6.29976e-05 6.13745e-05 6.04671e-05 5.35553e-05 0.00030068 0.000276094 0.000261544 0.000247102 0.000234221 0.000222434 0.000217154 0.000216593 0.000211944 0.000199272 0.000182372 0.000169289 0.000159716 0.000151717 0.000146374 0.000140081 0.000133046 0.000124905 0.000115473 0.000106295 9.68545e-05 8.80901e-05 8.31916e-05 7.56762e-05 6.65814e-05 6.06269e-05 5.72804e-05 5.57963e-05 5.49811e-05 4.86942e-05 0.000252891 0.000232709 0.000220919 0.000209257 0.000198914 0.000189279 0.000185125 0.000184979 0.000181203 0.000170654 0.00015635 0.000145531 0.000137727 0.000130928 0.00012643 0.000121124 0.000115347 0.000108592 0.000100825 9.33579e-05 8.53223e-05 7.76589e-05 7.31971e-05 6.65814e-05 5.87588e-05 5.37753e-05 5.11448e-05 5.01093e-05 4.94747e-05 4.42919e-05 0.00020979 0.000194163 0.000185346 0.000176638 0.000169033 0.000161634 0.000158756 0.000159214 0.000156238 0.000147592 0.000135486 0.000126811 0.000120799 0.000115041 0.000111228 0.000106707 0.000102154 9.6689e-05 9.05112e-05 8.47501e-05 7.78986e-05 7.099e-05 6.66604e-05 6.06269e-05 5.37753e-05 4.9643e-05 4.77658e-05 4.72463e-05 4.67389e-05 4.25174e-05 0.000169525 0.000158811 0.000153302 0.000147824 0.000143246 0.000138264 0.000136849 0.000138092 0.000135838 0.000128918 0.000118697 0.000112107 0.000107968 0.000103146 9.98665e-05 9.59398e-05 9.26117e-05 8.83779e-05 8.37532e-05 7.97356e-05 7.39055e-05 6.74615e-05 6.29976e-05 5.72804e-05 5.11448e-05 4.77658e-05 4.66852e-05 4.67367e-05 4.62833e-05 4.28798e-05 0.000143923 0.000136293 0.000132886 0.000129513 0.000126917 0.000123472 0.000123021 0.000124848 0.000123149 0.00011742 0.000108431 0.000103237 0.000100336 9.60848e-05 9.31982e-05 8.97134e-05 8.72076e-05 8.37998e-05 8.02289e-05 7.73966e-05 7.22013e-05 6.59991e-05 6.13745e-05 5.57963e-05 5.01093e-05 4.72463e-05 4.67367e-05 4.72355e-05 4.68816e-05 4.41044e-05 0.000143734 0.000135383 0.00013145 0.000127738 0.000124807 0.000121046 0.000120406 0.000122204 0.000120743 0.000115281 0.000106544 0.000101432 9.84493e-05 9.41835e-05 9.15239e-05 8.83239e-05 8.58387e-05 8.25056e-05 7.90197e-05 7.62152e-05 7.10776e-05 6.50001e-05 6.04671e-05 5.49811e-05 4.94747e-05 4.67389e-05 4.62833e-05 4.68816e-05 4.67377e-05 4.42798e-05 0.000100772 9.63604e-05 9.49645e-05 9.39407e-05 9.34885e-05 9.17021e-05 9.2194e-05 9.46043e-05 9.41668e-05 9.08441e-05 8.45043e-05 8.16157e-05 8.03681e-05 7.71145e-05 7.53366e-05 7.31682e-05 7.19336e-05 6.99587e-05 6.81458e-05 6.70905e-05 6.31685e-05 5.79165e-05 5.35553e-05 4.86942e-05 4.42919e-05 4.25174e-05 4.28798e-05 4.41044e-05 4.42798e-05 4.30731e-05 
