1.459e-06 8.68774e-07 8.93328e-07 1.26979e-06 1.95696e-06 2.16458e-06 2.49287e-06 3.21626e-06 4.17285e-06 4.5862e-06 4.89758e-06 5.06137e-06 5.1838e-06 5.67937e-06 6.16984e-06 6.43694e-06 6.59122e-06 6.72053e-06 6.19849e-06 5.39965e-06 4.97437e-06 4.83557e-06 5.62361e-06 6.14959e-06 6.73851e-06 7.03024e-06 7.01207e-06 7.95984e-06 1.00328e-05 1.13385e-05 8.68774e-07 5.8526e-07 5.25893e-07 7.16511e-07 1.20664e-06 1.46345e-06 1.83329e-06 2.54526e-06 3.41046e-06 3.89143e-06 4.21072e-06 4.40928e-06 4.60631e-06 5.1258e-06 5.78908e-06 6.29921e-06 6.47128e-06 6.49369e-06 6.09752e-06 5.49863e-06 5.19786e-06 5.15136e-06 5.75118e-06 6.2591e-06 6.95959e-06 7.51218e-06 7.66349e-06 8.50009e-06 1.02318e-05 1.17201e-05 8.93328e-07 5.25893e-07 5.47514e-07 7.81004e-07 1.19455e-06 1.30982e-06 1.4953e-06 1.91318e-06 2.47258e-06 2.70476e-06 2.8835e-06 2.97479e-06 3.0387e-06 3.32216e-06 3.58942e-06 3.7217e-06 3.80903e-06 3.89306e-06 3.58102e-06 3.10286e-06 2.8467e-06 2.7585e-06 3.22938e-06 3.5341e-06 3.86355e-06 4.00844e-06 3.98288e-06 4.53895e-06 5.76395e-06 6.50014e-06 1.26979e-06 7.16511e-07 7.81004e-07 1.1282e-06 1.67908e-06 1.78216e-06 1.96624e-06 2.43191e-06 3.09218e-06 3.31504e-06 3.50802e-06 3.59168e-06 3.62588e-06 3.92641e-06 4.13689e-06 4.16473e-06 4.25226e-06 4.39662e-06 3.992e-06 3.36857e-06 3.02614e-06 2.88429e-06 3.49402e-06 3.8383e-06 4.14696e-06 4.18003e-06 4.06973e-06 4.73591e-06 6.2502e-06 6.97231e-06 1.95696e-06 1.20664e-06 1.19455e-06 1.67908e-06 2.65006e-06 3.00959e-06 3.55604e-06 4.69746e-06 6.16044e-06 6.85779e-06 7.35692e-06 7.6381e-06 7.87786e-06 8.67914e-06 9.56293e-06 1.01349e-05 1.03906e-05 1.05308e-05 9.77869e-06 8.63221e-06 8.03285e-06 7.86869e-06 9.00515e-06 9.82916e-06 1.0832e-05 1.14539e-05 1.15281e-05 1.29651e-05 1.60483e-05 1.82322e-05 2.16458e-06 1.46345e-06 1.30982e-06 1.78216e-06 3.00959e-06 3.65972e-06 4.59468e-06 6.3903e-06 8.56882e-06 9.78534e-06 1.05912e-05 1.10937e-05 1.15942e-05 1.29059e-05 1.45872e-05 1.58853e-05 1.63202e-05 1.63719e-05 1.53782e-05 1.38765e-05 1.31235e-05 1.30104e-05 1.4515e-05 1.57955e-05 1.75678e-05 1.89739e-05 1.93634e-05 2.14689e-05 2.5822e-05 2.9585e-05 2.49287e-06 1.83329e-06 1.4953e-06 1.96624e-06 3.55604e-06 4.59468e-06 6.05102e-06 8.73114e-06 1.18835e-05 1.37958e-05 1.50153e-05 1.5814e-05 1.66606e-05 1.86597e-05 2.14041e-05 2.36634e-05 2.43389e-05 2.42795e-05 2.29494e-05 2.09518e-05 1.9981e-05 1.99295e-05 2.19465e-05 2.38451e-05 2.66478e-05 2.90919e-05 2.98934e-05 3.29109e-05 3.90068e-05 4.48878e-05 3.21626e-06 2.54526e-06 1.91318e-06 2.43191e-06 4.69746e-06 6.3903e-06 8.73114e-06 1.29339e-05 1.77841e-05 2.08734e-05 2.28013e-05 2.40994e-05 2.55206e-05 2.86942e-05 3.32184e-05 3.70633e-05 3.81472e-05 3.7926e-05 3.59839e-05 3.30803e-05 3.17019e-05 3.17311e-05 3.46794e-05 3.76448e-05 4.21873e-05 4.63444e-05 4.78079e-05 5.24222e-05 6.16045e-05 7.1075e-05 4.17285e-06 3.41046e-06 2.47258e-06 3.09218e-06 6.16044e-06 8.56882e-06 1.18835e-05 1.77841e-05 2.45475e-05 2.89295e-05 3.16441e-05 3.34891e-05 3.55306e-05 4.00054e-05 4.64664e-05 5.20138e-05 5.35479e-05 5.31739e-05 5.05184e-05 4.65549e-05 4.46909e-05 4.47864e-05 4.88194e-05 5.29769e-05 5.94274e-05 6.54242e-05 6.75812e-05 7.40014e-05 8.67067e-05 0.000100126 4.5862e-06 3.89143e-06 2.70476e-06 3.31504e-06 6.85779e-06 9.78534e-06 1.37958e-05 2.08734e-05 2.89295e-05 3.42405e-05 3.7506e-05 3.97466e-05 4.22519e-05 4.76428e-05 5.5526e-05 6.23627e-05 6.42177e-05 6.36916e-05 6.05933e-05 5.59776e-05 5.38288e-05 5.40099e-05 5.87175e-05 6.36971e-05 7.15238e-05 7.89129e-05 8.16251e-05 8.92549e-05 0.000104267 0.000120512 4.89758e-06 4.21072e-06 2.8835e-06 3.50802e-06 7.35692e-06 1.05912e-05 1.50153e-05 2.28013e-05 3.16441e-05 3.7506e-05 4.11017e-05 4.35764e-05 4.63524e-05 5.22912e-05 6.10105e-05 6.8596e-05 7.0642e-05 7.0036e-05 6.66581e-05 6.16292e-05 5.92959e-05 5.95186e-05 6.46517e-05 7.01273e-05 7.87688e-05 8.69667e-05 8.99946e-05 9.83631e-05 0.000114797 0.000132722 5.06137e-06 4.40928e-06 2.97479e-06 3.59168e-06 7.6381e-06 1.10937e-05 1.5814e-05 2.40994e-05 3.34891e-05 3.97466e-05 4.35764e-05 4.62197e-05 4.9194e-05 5.55221e-05 6.48486e-05 7.29861e-05 7.51687e-05 7.4496e-05 7.09327e-05 6.56308e-05 6.31792e-05 6.344e-05 6.88558e-05 7.46799e-05 8.39078e-05 9.27019e-05 9.59687e-05 0.000104848 0.000122255 0.000141383 5.1838e-06 4.60631e-06 3.0387e-06 3.62588e-06 7.87786e-06 1.15942e-05 1.66606e-05 2.55206e-05 3.55306e-05 4.22519e-05 4.63524e-05 4.9194e-05 5.24055e-05 5.91851e-05 6.92311e-05 7.80325e-05 8.03745e-05 7.96129e-05 7.58499e-05 7.02559e-05 6.76818e-05 6.7997e-05 7.37174e-05 7.99415e-05 8.98579e-05 9.93688e-05 0.00010293 0.000112387 0.000130876 0.000151413 5.67937e-06 5.1258e-06 3.32216e-06 3.92641e-06 8.67914e-06 1.29059e-05 1.86597e-05 2.86942e-05 4.00054e-05 4.76428e-05 5.22912e-05 5.55221e-05 5.91851e-05 6.68742e-05 7.83129e-05 8.83646e-05 9.10239e-05 9.0126e-05 8.59039e-05 7.96316e-05 7.6756e-05 7.71434e-05 8.35628e-05 9.06087e-05 0.000101881 0.000112742 0.000116833 0.00012751 0.000148346 0.000171674 6.16984e-06 5.78908e-06 3.58942e-06 4.13689e-06 9.56293e-06 1.45872e-05 2.14041e-05 3.32184e-05 4.64664e-05 5.5526e-05 6.10105e-05 6.48486e-05 6.92311e-05 7.83129e-05 9.1945e-05 0.000104005 0.000107154 0.000106002 0.000101138 9.39237e-05 9.06454e-05 9.11837e-05 9.85815e-05 0.000106868 0.000120249 0.000133279 0.00013825 0.000150734 0.000174984 0.000202635 6.43694e-06 6.29921e-06 3.7217e-06 4.16473e-06 1.01349e-05 1.58853e-05 2.36634e-05 3.70633e-05 5.20138e-05 6.23627e-05 6.8596e-05 7.29861e-05 7.80325e-05 8.83646e-05 0.000104005 0.000117928 0.00012152 0.000120109 0.000114709 0.000106712 0.00010311 0.000103809 0.000112026 0.000121415 0.000136712 0.000151753 0.000157558 0.000171623 0.000198823 0.000230385 6.59122e-06 6.47128e-06 3.80903e-06 4.25226e-06 1.03906e-05 1.63202e-05 2.43389e-05 3.81472e-05 5.35479e-05 6.42177e-05 7.0642e-05 7.51687e-05 8.03745e-05 9.10239e-05 0.000107154 0.00012152 0.000125223 0.000123761 0.000118205 0.000109978 0.000106275 0.000107003 0.000115457 0.000125132 0.000140904 0.000156423 0.000162418 0.000176904 0.00020491 0.00023745 6.72053e-06 6.49369e-06 3.89306e-06 4.39662e-06 1.05308e-05 1.63719e-05 2.42795e-05 3.7926e-05 5.31739e-05 6.36916e-05 7.0036e-05 7.4496e-05 7.96129e-05 9.0126e-05 0.000106002 0.000120109 0.000123761 0.000122354 0.000116821 0.000108622 0.00010492 0.000105606 0.000114025 0.00012359 0.000139133 0.000154373 0.000160236 0.000174587 0.000202378 0.000234462 6.19849e-06 6.09752e-06 3.58102e-06 3.992e-06 9.77869e-06 1.53782e-05 2.29494e-05 3.59839e-05 5.05184e-05 6.05933e-05 6.66581e-05 7.09327e-05 7.58499e-05 8.59039e-05 0.000101138 0.000114709 0.000118205 0.000116821 0.000111581 0.000103823 0.000100332 0.000101023 0.000108996 0.000118128 0.000133021 0.000147681 0.000153347 0.000167017 0.000193441 0.000224166 5.39965e-06 5.49863e-06 3.10286e-06 3.36857e-06 8.63221e-06 1.38765e-05 2.09518e-05 3.30803e-05 4.65549e-05 5.59776e-05 6.16292e-05 6.56308e-05 7.02559e-05 7.96316e-05 9.39237e-05 0.000106712 0.000109978 0.000108622 0.000103823 9.67252e-05 9.35538e-05 9.42548e-05 0.00010156 0.000110051 0.000123987 0.000137801 0.000143182 0.00015584 0.000180227 0.000208948 4.97437e-06 5.19786e-06 2.8467e-06 3.02614e-06 8.03285e-06 1.31235e-05 1.9981e-05 3.17019e-05 4.46909e-05 5.38288e-05 5.92959e-05 6.31792e-05 6.76818e-05 7.6756e-05 9.06454e-05 0.00010311 0.000106275 0.00010492 0.000100332 9.35538e-05 9.05395e-05 9.12557e-05 9.82397e-05 0.000106441 0.000119961 0.000133424 0.000138698 0.000150889 0.000174323 0.000202166 4.83557e-06 5.15136e-06 2.7585e-06 2.88429e-06 7.86869e-06 1.30104e-05 1.99295e-05 3.17311e-05 4.47864e-05 5.40099e-05 5.95186e-05 6.344e-05 6.7997e-05 7.71434e-05 9.11837e-05 0.000103809 0.000107003 0.000105606 0.000101023 9.42548e-05 9.12557e-05 9.20043e-05 9.89828e-05 0.000107238 0.000120888 0.000134525 0.000139886 0.000152132 0.000175634 0.000203731 5.62361e-06 5.75118e-06 3.22938e-06 3.49402e-06 9.00515e-06 1.4515e-05 2.19465e-05 3.46794e-05 4.88194e-05 5.87175e-05 6.46517e-05 6.88558e-05 7.37174e-05 8.35628e-05 9.85815e-05 0.000112026 0.000115457 0.000114025 0.000108996 0.00010156 9.82397e-05 9.89828e-05 0.000106638 0.000115551 0.000130192 0.000144715 0.000150378 0.000163658 0.000189236 0.000219404 6.14959e-06 6.2591e-06 3.5341e-06 3.8383e-06 9.82916e-06 1.57955e-05 2.38451e-05 3.76448e-05 5.29769e-05 6.36971e-05 7.01273e-05 7.46799e-05 7.99415e-05 9.06087e-05 0.000106868 0.000121415 0.000125132 0.00012359 0.000118128 0.000110051 0.000106441 0.000107238 0.000115551 0.000125212 0.000141067 0.000156782 0.000162903 0.000177306 0.000205056 0.000237732 6.73851e-06 6.95959e-06 3.86355e-06 4.14696e-06 1.0832e-05 1.75678e-05 2.66478e-05 4.21873e-05 5.94274e-05 7.15238e-05 7.87688e-05 8.39078e-05 8.98579e-05 0.000101881 0.000120249 0.000136712 0.000140904 0.000139133 0.000133021 0.000123987 0.000119961 0.000120888 0.000130192 0.000141067 0.000158962 0.000176744 0.000183693 0.00019988 0.000231028 0.000267891 7.03024e-06 7.51218e-06 4.00844e-06 4.18003e-06 1.14539e-05 1.89739e-05 2.90919e-05 4.63444e-05 6.54242e-05 7.89129e-05 8.69667e-05 9.27019e-05 9.93688e-05 0.000112742 0.000133279 0.000151753 0.000156423 0.000154373 0.000147681 0.000137801 0.000133424 0.000134525 0.000144715 0.000156782 0.000176744 0.000196698 0.000204547 0.000222442 0.000256778 0.000297866 7.01207e-06 7.66349e-06 3.98288e-06 4.06973e-06 1.15281e-05 1.93634e-05 2.98934e-05 4.78079e-05 6.75812e-05 8.16251e-05 8.99946e-05 9.59687e-05 0.00010293 0.000116833 0.00013825 0.000157558 0.000162418 0.000160236 0.000153347 0.000143182 0.000138698 0.000139886 0.000150378 0.000162903 0.000183693 0.000204547 0.000212784 0.000231316 0.000266813 0.000309581 7.95984e-06 8.50009e-06 4.53895e-06 4.73591e-06 1.29651e-05 2.14689e-05 3.29109e-05 5.24222e-05 7.40014e-05 8.92549e-05 9.83631e-05 0.000104848 0.000112387 0.00012751 0.000150734 0.000171623 0.000176904 0.000174587 0.000167017 0.00015584 0.000150889 0.000152132 0.000163658 0.000177306 0.00019988 0.000222442 0.000231316 0.000251556 0.000290392 0.000336856 1.00328e-05 1.02318e-05 5.76395e-06 6.2502e-06 1.60483e-05 2.5822e-05 3.90068e-05 6.16045e-05 8.67067e-05 0.000104267 0.000114797 0.000122255 0.000130876 0.000148346 0.000174984 0.000198823 0.00020491 0.000202378 0.000193441 0.000180227 0.000174323 0.000175634 0.000189236 0.000205056 0.000231028 0.000256778 0.000266813 0.000290392 0.000335815 0.000389337 1.13385e-05 1.17201e-05 6.50014e-06 6.97231e-06 1.82322e-05 2.9585e-05 4.48878e-05 7.1075e-05 0.000100126 0.000120512 0.000132722 0.000141383 0.000151413 0.000171674 0.000202635 0.000230385 0.00023745 0.000234462 0.000224166 0.000208948 0.000202166 0.000203731 0.000219404 0.000237732 0.000267891 0.000297866 0.000309581 0.000336856 0.000389337 0.000451464 
0.00163919 0.00149854 0.0014377 0.00138328 0.00130611 0.00124922 0.00122646 0.00125536 0.00128558 0.00126197 0.00119181 0.00112177 0.00107013 0.00108535 0.00112223 0.0011092 0.000997027 0.000872233 0.000775324 0.000695544 0.000624154 0.000569403 0.000537331 0.000497388 0.000451711 0.000399478 0.000342757 0.000306891 0.000293711 0.00027078 0.00149854 0.0013703 0.00131466 0.00126473 0.00119404 0.0011421 0.00112133 0.00114765 0.00117519 0.00115355 0.00108934 0.00102528 0.000978099 0.00099205 0.00102588 0.00101408 0.000911398 0.00079714 0.000708589 0.000635846 0.000570625 0.000520621 0.000491205 0.0004547 0.000412938 0.000365315 0.000313657 0.000280748 0.000268309 0.000247336 0.0014377 0.00131466 0.00126129 0.00121338 0.00114556 0.00109573 0.0010758 0.00110105 0.00112747 0.00110671 0.00104511 0.000983648 0.000938383 0.000951769 0.000984228 0.000972906 0.000874393 0.000764771 0.000679816 0.000610029 0.000547457 0.000499484 0.000471261 0.000436238 0.000396172 0.000350484 0.000300927 0.000269352 0.000257412 0.00023729 0.00138328 0.00126473 0.00121338 0.00116738 0.0011022 0.00105422 0.00103503 0.00105937 0.00108484 0.0010649 0.00100566 0.000946543 0.000902978 0.000915835 0.000947006 0.000936052 0.000841339 0.000735957 0.000654195 0.000586949 0.000526722 0.000480539 0.000453435 0.000419732 0.000381184 0.000337159 0.000289373 0.000259057 0.000247775 0.00022842 0.00130611 0.00119404 0.00114556 0.0011022 0.00104072 0.000995385 0.000977248 0.00100028 0.00102436 0.00100555 0.000949641 0.000893837 0.000852691 0.000864815 0.000894201 0.000883811 0.000794437 0.000695003 0.000617785 0.000554213 0.000497328 0.000453701 0.000428148 0.000396321 0.000359926 0.000318304 0.000273105 0.000244529 0.000234034 0.000215762 0.00124922 0.0011421 0.00109573 0.00105422 0.000995385 0.000952043 0.000934703 0.000956706 0.000979723 0.000961719 0.000908232 0.000854852 0.000815504 0.000827108 0.000855238 0.000845326 0.000759816 0.000664676 0.000590831 0.000530069 0.000475671 0.000433955 0.000409494 0.000379056 0.000344245 0.000304464 0.000261276 0.000233919 0.000223797 0.000206319 0.00122646 0.00112133 0.0010758 0.00103503 0.000977248 0.000934703 0.000917684 0.000939275 0.000961862 0.00094418 0.000891661 0.000839249 0.000800621 0.000812018 0.000839649 0.00082993 0.000745963 0.000652537 0.000580042 0.000520409 0.000467007 0.000426057 0.000402031 0.000372148 0.000337971 0.000298929 0.00025655 0.000229678 0.000219697 0.000202536 0.00125536 0.00114765 0.00110105 0.00105937 0.00100028 0.000956706 0.000939275 0.000961405 0.000984553 0.000966469 0.000912734 0.000859097 0.00081955 0.000831204 0.000859451 0.000849467 0.000763564 0.00066799 0.000593773 0.000532676 0.000478003 0.000436072 0.00041151 0.00038092 0.000345939 0.000305938 0.0002625 0.000235031 0.000224935 0.000207373 0.00128558 0.00117519 0.00112747 0.00108484 0.00102436 0.000979723 0.000961862 0.000984553 0.00100828 0.000989777 0.000934766 0.000879847 0.000839341 0.000851264 0.00088016 0.000869905 0.00078197 0.000684141 0.000608127 0.000545506 0.000489504 0.000446551 0.000421424 0.000390094 0.000354272 0.000313273 0.000268736 0.000240639 0.000230405 0.000212423 0.00126197 0.00115355 0.00110671 0.0010649 0.00100555 0.000961719 0.00094418 0.000966469 0.000989777 0.00097162 0.000917629 0.000863723 0.000823958 0.000835656 0.000864003 0.000853919 0.00076762 0.000671615 0.000596989 0.00053549 0.00048051 0.000438338 0.000413687 0.000382931 0.000347767 0.000307502 0.000263753 0.00023619 0.000226204 0.000208553 0.00119181 0.00108934 0.00104511 0.00100566 0.000949641 0.000908232 0.000891661 0.000912734 0.000934766 0.000917629 0.000866655 0.000815754 0.000778194 0.000789232 0.000815978 0.000806429 0.000724959 0.00063433 0.000563844 0.000505721 0.000453788 0.00041395 0.000390691 0.000361642 0.000328434 0.000290379 0.000249019 0.000223016 0.000213672 0.000197005 0.00112177 0.00102528 0.000983648 0.000946543 0.000893837 0.000854852 0.000839249 0.000859097 0.000879847 0.000863723 0.000815754 0.000767849 0.000732492 0.000742876 0.000768036 0.000759032 0.000682368 0.000597087 0.000530738 0.000476005 0.000427118 0.000389614 0.000367735 0.000340392 0.000309136 0.0002733 0.000234344 0.000209885 0.000201143 0.000185456 0.00107013 0.000978099 0.000938383 0.000902978 0.000852691 0.000815504 0.000800621 0.00081955 0.000839341 0.000823958 0.000778194 0.000732492 0.000698764 0.000708672 0.000732678 0.000724094 0.000650953 0.000569591 0.000506297 0.000454092 0.000407458 0.000371682 0.000350806 0.000324722 0.000294905 0.000260724 0.00022357 0.000200232 0.000191875 0.00017691 0.00108535 0.00099205 0.000951769 0.000915835 0.000864815 0.000827108 0.000812018 0.000831204 0.000851264 0.000835656 0.000789232 0.000742876 0.000708672 0.000718727 0.000743089 0.000734397 0.000660199 0.000577657 0.000513469 0.000460547 0.000413255 0.000376977 0.000355791 0.000329338 0.000299096 0.000264446 0.000226789 0.000203103 0.000194577 0.000179398 0.00112223 0.00102588 0.000984228 0.000947006 0.000894201 0.000855238 0.000839649 0.000859451 0.00088016 0.000864003 0.000815978 0.000768036 0.000732678 0.000743089 0.000768319 0.000759373 0.000682605 0.000597197 0.000530843 0.000476191 0.000427307 0.000389814 0.000367874 0.000340526 0.000309255 0.000273473 0.000234606 0.000210072 0.000201118 0.00018542 0.0011092 0.00101408 0.000972906 0.000936052 0.000883811 0.000845326 0.00082993 0.000849467 0.000869905 0.000853919 0.000806429 0.000759032 0.000724094 0.000734397 0.000759373 0.000750571 0.000674647 0.000590173 0.000524605 0.000470653 0.000422352 0.000385312 0.000363594 0.000336567 0.000305658 0.000270335 0.000231987 0.000207697 0.000198713 0.000183194 0.000997027 0.000911398 0.000874393 0.000841339 0.000794437 0.000759816 0.000745963 0.000763564 0.00078197 0.00076762 0.000724959 0.000682368 0.000650953 0.000660199 0.000682605 0.000674647 0.000606455 0.00053059 0.000471636 0.000423065 0.000379631 0.000346317 0.000326833 0.000302535 0.000274754 0.000242953 0.000208406 0.000186619 0.000178696 0.00016475 0.000872233 0.00079714 0.000764771 0.000735957 0.000695003 0.000664676 0.000652537 0.00066799 0.000684141 0.000671615 0.00063433 0.000597087 0.000569591 0.000577657 0.000597197 0.000590173 0.00053059 0.000464314 0.000412716 0.000370121 0.0003321 0.000302929 0.000285936 0.000264674 0.000240371 0.000212482 0.000182153 0.000163159 0.000156438 0.000144242 0.000775324 0.000708589 0.000679816 0.000654195 0.000617785 0.000590831 0.000580042 0.000593773 0.000608127 0.000596989 0.000563844 0.000530738 0.000506297 0.000513469 0.000530843 0.000524605 0.000471636 0.000412716 0.000366852 0.000328998 0.000295203 0.000269276 0.000254166 0.000235267 0.000213664 0.000188879 0.000161929 0.00014504 0.000139048 0.000128207 0.000695544 0.000635846 0.000610029 0.000586949 0.000554213 0.000530069 0.000520409 0.000532676 0.000545506 0.00053549 0.000505721 0.000476005 0.000454092 0.000460547 0.000476191 0.000470653 0.000423065 0.000370121 0.000328998 0.000295136 0.000264841 0.000241606 0.000228002 0.000211053 0.000191672 0.000169501 0.000145423 0.000130211 0.000124639 0.000114909 0.000624154 0.000570625 0.000547457 0.000526722 0.000497328 0.000475671 0.000467007 0.000478003 0.000489504 0.00048051 0.000453788 0.000427118 0.000407458 0.000413255 0.000427307 0.000422352 0.000379631 0.0003321 0.000295203 0.000264841 0.000237661 0.000216817 0.000204598 0.000189389 0.000171997 0.000152118 0.000130536 0.00011687 0.000111821 0.000103088 0.000569403 0.000520621 0.000499484 0.000480539 0.000453701 0.000433955 0.000426057 0.000436072 0.000446551 0.000438338 0.00041395 0.000389614 0.000371682 0.000376977 0.000389814 0.000385312 0.000346317 0.000302929 0.000269276 0.000241606 0.000216817 0.000197809 0.000186647 0.000172774 0.000156907 0.000138792 0.000119133 0.000106647 0.000101981 9.40129e-05 0.000537331 0.000491205 0.000471261 0.000453435 0.000428148 0.000409494 0.000402031 0.00041151 0.000421424 0.000413687 0.000390691 0.000367735 0.000350806 0.000355791 0.000367874 0.000363594 0.000326833 0.000285936 0.000254166 0.000228002 0.000204598 0.000186647 0.00017614 0.000163046 0.000148073 0.000130943 0.000112337 0.000100588 9.62919e-05 8.87754e-05 0.000497388 0.0004547 0.000436238 0.000419732 0.000396321 0.000379056 0.000372148 0.00038092 0.000390094 0.000382931 0.000361642 0.000340392 0.000324722 0.000329338 0.000340526 0.000336567 0.000302535 0.000264674 0.000235267 0.000211053 0.000189389 0.000172774 0.000163046 0.000150925 0.000137065 0.000121212 0.000103995 9.31158e-05 8.91284e-05 8.21704e-05 0.000451711 0.000412938 0.000396172 0.000381184 0.000359926 0.000344245 0.000337971 0.000345939 0.000354272 0.000347767 0.000328434 0.000309136 0.000294905 0.000299096 0.000309255 0.000305658 0.000274754 0.000240371 0.000213664 0.000191672 0.000171997 0.000156907 0.000148073 0.000137065 0.000124478 0.000110079 9.44407e-05 8.45621e-05 8.09462e-05 7.46273e-05 0.000399478 0.000365315 0.000350484 0.000337159 0.000318304 0.000304464 0.000298929 0.000305938 0.000313273 0.000307502 0.000290379 0.0002733 0.000260724 0.000264446 0.000273473 0.000270335 0.000242953 0.000212482 0.000188879 0.000169501 0.000152118 0.000138792 0.000130943 0.000121212 0.000110079 9.73932e-05 8.36364e-05 7.48548e-05 7.15108e-05 6.59192e-05 0.000342757 0.000313657 0.000300927 0.000289373 0.000273105 0.000261276 0.00025655 0.0002625 0.000268736 0.000263753 0.000249019 0.000234344 0.00022357 0.000226789 0.000234606 0.000231987 0.000208406 0.000182153 0.000161929 0.000145423 0.000130536 0.000119133 0.000112337 0.000103995 9.44407e-05 8.36364e-05 7.19571e-05 6.4346e-05 6.123e-05 5.64267e-05 0.000306891 0.000280748 0.000269352 0.000259057 0.000244529 0.000233919 0.000229678 0.000235031 0.000240639 0.00023619 0.000223016 0.000209885 0.000200232 0.000203103 0.000210072 0.000207697 0.000186619 0.000163159 0.00014504 0.000130211 0.00011687 0.000106647 0.000100588 9.31158e-05 8.45621e-05 7.48548e-05 6.4346e-05 5.75632e-05 5.48758e-05 5.05774e-05 0.000293711 0.000268309 0.000257412 0.000247775 0.000234034 0.000223797 0.000219697 0.000224935 0.000230405 0.000226204 0.000213672 0.000201143 0.000191875 0.000194577 0.000201118 0.000198713 0.000178696 0.000156438 0.000139048 0.000124639 0.000111821 0.000101981 9.62919e-05 8.91284e-05 8.09462e-05 7.15108e-05 6.123e-05 5.48758e-05 5.27477e-05 4.86442e-05 0.00027078 0.000247336 0.00023729 0.00022842 0.000215762 0.000206319 0.000202536 0.000207373 0.000212423 0.000208553 0.000197005 0.000185456 0.00017691 0.000179398 0.00018542 0.000183194 0.00016475 0.000144242 0.000128207 0.000114909 0.000103088 9.40129e-05 8.87754e-05 8.21704e-05 7.46273e-05 6.59192e-05 5.64267e-05 5.05774e-05 4.86442e-05 4.48617e-05 
0.00171349 0.00149546 0.00136991 0.00125622 0.00112246 0.00100704 0.00092717 0.000884115 0.000840616 0.000747122 0.000648649 0.000567651 0.000515053 0.000503704 0.000502777 0.000482534 0.000422844 0.000353547 0.00028519 0.000219945 0.000176893 0.000161908 0.000169009 0.000172206 0.000167197 0.000153014 0.000130521 0.000118438 0.000126309 0.000123439 0.00149546 0.00130535 0.00119569 0.00109629 0.000979351 0.000878612 0.000808896 0.000771267 0.000733188 0.00065159 0.000565612 0.000494914 0.000449038 0.000439123 0.000438405 0.000420879 0.000368773 0.000308199 0.000248628 0.000191836 0.000154352 0.000141336 0.000147375 0.00015013 0.000145804 0.00013358 0.000114055 0.00010339 0.000109942 0.000107497 0.00136991 0.00119569 0.00109527 0.00100429 0.000897258 0.000804979 0.000741121 0.000706673 0.000671841 0.000597094 0.00051835 0.000453589 0.000411552 0.000402473 0.000401775 0.000385659 0.000337932 0.000282485 0.000227876 0.000175785 0.000141408 0.000129458 0.00013506 0.000137599 0.000133615 0.00012235 0.000104418 9.47007e-05 0.000100842 9.85763e-05 0.00125622 0.00109629 0.00100429 0.000921024 0.00082306 0.000738448 0.000679898 0.000648359 0.000616528 0.000547984 0.000475809 0.000416429 0.000377852 0.000369537 0.00036881 0.000353896 0.000310141 0.000259386 0.000209225 0.000161314 0.000129705 0.000118686 0.000123973 0.000126335 0.000122639 0.000112162 9.56167e-05 8.68202e-05 9.27543e-05 9.06197e-05 0.00112246 0.000979351 0.000897258 0.00082306 0.000735764 0.000660171 0.000607866 0.000579748 0.000551446 0.000490199 0.000425751 0.000372702 0.000338197 0.000330779 0.000330021 0.000316523 0.000277441 0.000232204 0.000187278 0.000144287 0.000115935 0.000106014 0.000110928 0.000113081 0.000109724 0.000100177 8.52651e-05 7.75495e-05 8.32337e-05 8.12549e-05 0.00100704 0.000878612 0.000804979 0.000738448 0.000660171 0.000592352 0.000545428 0.000520212 0.000494845 0.000439896 0.000382083 0.000334489 0.000303526 0.000296873 0.000296173 0.000284033 0.000248971 0.000208406 0.000168081 0.000129477 0.000104021 9.51064e-05 9.95497e-05 0.000101489 9.84677e-05 8.98682e-05 7.6467e-05 6.95707e-05 7.47393e-05 7.29511e-05 0.00092717 0.000808896 0.000741121 0.000679898 0.000607866 0.000545428 0.000502226 0.00047902 0.000455687 0.000405096 0.000351874 0.000308057 0.000279544 0.00027342 0.000272758 0.000261554 0.000229276 0.000191946 0.000154802 0.000119232 9.57776e-05 8.7558e-05 9.16786e-05 9.34705e-05 9.06806e-05 8.27341e-05 7.03758e-05 6.4049e-05 6.88673e-05 6.72097e-05 0.000884115 0.000771267 0.000706673 0.000648359 0.000579748 0.000520212 0.00047902 0.000456912 0.000434707 0.000386465 0.000335729 0.000293948 0.000266748 0.000260913 0.000260247 0.000249508 0.000218732 0.000183173 0.000147719 0.000113743 9.13431e-05 8.34808e-05 8.74712e-05 8.91933e-05 8.65156e-05 7.88785e-05 6.7053e-05 6.10663e-05 6.57834e-05 6.41799e-05 0.000840616 0.000733188 0.000671841 0.000616528 0.000551446 0.000494845 0.000455687 0.000434707 0.000413684 0.000367815 0.000319602 0.000279882 0.000253997 0.000248457 0.000247753 0.000237432 0.000208179 0.000174443 0.000140665 0.000108243 8.68755e-05 7.93511e-05 8.32678e-05 8.49325e-05 8.23516e-05 7.49703e-05 6.36441e-05 5.80449e-05 6.27765e-05 6.12057e-05 0.000747122 0.00065159 0.000597094 0.000547984 0.000490199 0.000439896 0.000405096 0.000386465 0.000367815 0.000327047 0.000284207 0.000248907 0.000225892 0.000220971 0.000220318 0.000211102 0.000185106 0.00015515 0.000125103 9.62414e-05 7.72234e-05 7.05169e-05 7.40455e-05 7.55357e-05 7.32283e-05 6.66215e-05 5.6523e-05 5.15826e-05 5.58834e-05 5.44695e-05 0.000648649 0.000565612 0.00051835 0.000475809 0.000425751 0.000382083 0.000351874 0.000335729 0.000319602 0.000284207 0.000247034 0.000216389 0.000196391 0.000192125 0.000191506 0.000183424 0.000160861 0.000134907 0.00010877 8.36269e-05 6.70646e-05 6.12062e-05 6.43593e-05 6.5673e-05 6.36442e-05 5.78207e-05 4.89929e-05 4.47716e-05 4.86854e-05 4.74241e-05 0.000567651 0.000494914 0.000453589 0.000416429 0.000372702 0.000334489 0.000308057 0.000293948 0.000279882 0.000248907 0.000216389 0.000189574 0.000172062 0.000168332 0.000167754 0.000160624 0.000140883 0.000118208 9.52983e-05 7.32343e-05 5.87038e-05 5.35515e-05 5.63747e-05 5.75385e-05 5.57449e-05 5.05862e-05 4.28179e-05 3.9172e-05 4.27253e-05 4.15975e-05 0.000515053 0.000449038 0.000411552 0.000377852 0.000338197 0.000303526 0.000279544 0.000266748 0.000253997 0.000225892 0.000196391 0.000172062 0.000156168 0.000152785 0.000152251 0.000145767 0.000127857 0.000107292 8.64966e-05 6.64614e-05 5.32679e-05 4.85865e-05 5.11645e-05 5.22242e-05 5.0592e-05 4.58953e-05 3.88357e-05 3.55401e-05 3.87971e-05 3.77677e-05 0.000503704 0.000439123 0.000402473 0.000369537 0.000330779 0.000296873 0.00027342 0.000260913 0.000248457 0.000220971 0.000192125 0.000168332 0.000152785 0.000149478 0.000148944 0.000142586 0.000125072 0.000104972 8.46238e-05 6.50118e-05 5.20983e-05 4.75124e-05 5.00526e-05 5.10932e-05 4.94916e-05 4.48798e-05 3.7963e-05 3.47544e-05 3.79778e-05 3.69639e-05 0.000502777 0.000438405 0.000401775 0.00036881 0.000330021 0.000296173 0.000272758 0.000260247 0.000247753 0.000220318 0.000191506 0.000167754 0.000152251 0.000148944 0.00014846 0.000142188 0.0001247 0.000104588 8.43235e-05 6.48269e-05 5.19845e-05 4.74402e-05 4.98927e-05 5.09128e-05 4.93378e-05 4.48157e-05 3.79675e-05 3.47019e-05 3.77525e-05 3.67717e-05 0.000482534 0.000420879 0.000385659 0.000353896 0.000316523 0.000284033 0.000261554 0.000249508 0.000237432 0.000211102 0.000183424 0.000160624 0.000145767 0.000142586 0.000142188 0.000136274 0.000119481 0.000100109 8.07259e-05 6.21254e-05 4.98663e-05 4.55514e-05 4.77887e-05 4.87419e-05 4.72635e-05 4.30372e-05 3.65431e-05 3.33207e-05 3.60147e-05 3.51171e-05 0.000422844 0.000368773 0.000337932 0.000310141 0.000277441 0.000248971 0.000229276 0.000218732 0.000208179 0.000185106 0.000160861 0.000140883 0.000127857 0.000125072 0.0001247 0.000119481 0.000104769 8.78169e-05 7.08092e-05 5.44717e-05 4.37063e-05 3.99094e-05 4.19097e-05 4.27538e-05 4.1447e-05 3.77046e-05 3.1987e-05 2.91934e-05 3.1634e-05 3.08326e-05 0.000353547 0.000308199 0.000282485 0.000259386 0.000232204 0.000208406 0.000191946 0.000183173 0.000174443 0.00015515 0.000134907 0.000118208 0.000107292 0.000104972 0.000104588 0.000100109 8.78169e-05 7.37197e-05 5.94275e-05 4.56452e-05 3.65713e-05 3.33455e-05 3.5146e-05 3.58803e-05 3.47511e-05 3.14969e-05 2.66302e-05 2.43915e-05 2.66893e-05 2.5971e-05 0.00028519 0.000248628 0.000227876 0.000209225 0.000187278 0.000168081 0.000154802 0.000147719 0.000140665 0.000125103 0.00010877 9.52983e-05 8.64966e-05 8.46238e-05 8.43235e-05 8.07259e-05 7.08092e-05 5.94275e-05 4.79081e-05 3.68067e-05 2.94967e-05 2.69014e-05 2.83369e-05 2.89254e-05 2.80194e-05 2.54109e-05 2.14965e-05 1.96778e-05 2.14975e-05 2.09244e-05 0.000219945 0.000191836 0.000175785 0.000161314 0.000144287 0.000129477 0.000119232 0.000113743 0.000108243 9.62414e-05 8.36269e-05 7.32343e-05 6.64614e-05 6.50118e-05 6.48269e-05 6.21254e-05 5.44717e-05 4.56452e-05 3.68067e-05 2.83224e-05 2.2731e-05 2.07618e-05 2.17878e-05 2.22236e-05 2.1548e-05 1.96156e-05 1.66513e-05 1.51872e-05 1.64275e-05 1.60161e-05 0.000176893 0.000154352 0.000141408 0.000129705 0.000115935 0.000104021 9.57776e-05 9.13431e-05 8.68755e-05 7.72234e-05 6.70646e-05 5.87038e-05 5.32679e-05 5.20983e-05 5.19845e-05 4.98663e-05 4.37063e-05 3.65713e-05 2.94967e-05 2.2731e-05 1.82686e-05 1.6709e-05 1.74736e-05 1.78106e-05 1.72845e-05 1.57895e-05 1.34463e-05 1.22228e-05 1.30986e-05 1.27905e-05 0.000161908 0.000141336 0.000129458 0.000118686 0.000106014 9.51064e-05 8.7558e-05 8.34808e-05 7.93511e-05 7.05169e-05 6.12062e-05 5.35515e-05 4.85865e-05 4.75124e-05 4.74402e-05 4.55514e-05 3.99094e-05 3.33455e-05 2.69014e-05 2.07618e-05 1.6709e-05 1.53037e-05 1.5948e-05 1.62441e-05 1.57784e-05 1.44643e-05 1.23569e-05 1.1195e-05 1.18851e-05 1.16239e-05 0.000169009 0.000147375 0.00013506 0.000123973 0.000110928 9.95497e-05 9.16786e-05 8.74712e-05 8.32678e-05 7.40455e-05 6.43593e-05 5.63747e-05 5.11645e-05 5.00526e-05 4.98927e-05 4.77887e-05 4.19097e-05 3.5146e-05 2.83369e-05 2.17878e-05 1.74736e-05 1.5948e-05 1.67675e-05 1.71093e-05 1.65813e-05 1.50659e-05 1.27672e-05 1.16657e-05 1.26814e-05 1.23535e-05 0.000172206 0.00015013 0.000137599 0.000126335 0.000113081 0.000101489 9.34705e-05 8.91933e-05 8.49325e-05 7.55357e-05 6.5673e-05 5.75385e-05 5.22242e-05 5.10932e-05 5.09128e-05 4.87419e-05 4.27538e-05 3.58803e-05 2.89254e-05 2.22236e-05 1.78106e-05 1.62441e-05 1.71093e-05 1.74643e-05 1.69177e-05 1.53442e-05 1.29816e-05 1.18822e-05 1.29778e-05 1.26323e-05 0.000167197 0.000145804 0.000133615 0.000122639 0.000109724 9.84677e-05 9.06806e-05 8.65156e-05 8.23516e-05 7.32283e-05 6.36442e-05 5.57449e-05 5.0592e-05 4.94916e-05 4.93378e-05 4.72635e-05 4.1447e-05 3.47511e-05 2.80194e-05 2.1548e-05 1.72845e-05 1.57784e-05 1.65813e-05 1.69177e-05 1.63975e-05 1.49061e-05 1.26373e-05 1.15417e-05 1.25307e-05 1.22093e-05 0.000153014 0.00013358 0.00012235 0.000112162 0.000100177 8.98682e-05 8.27341e-05 7.88785e-05 7.49703e-05 6.66215e-05 5.78207e-05 5.05862e-05 4.58953e-05 4.48798e-05 4.48157e-05 4.30372e-05 3.77046e-05 3.14969e-05 2.54109e-05 1.96156e-05 1.57895e-05 1.44643e-05 1.50659e-05 1.53442e-05 1.49061e-05 1.36713e-05 1.16846e-05 1.0581e-05 1.12186e-05 1.09745e-05 0.000130521 0.000114055 0.000104418 9.56167e-05 8.52651e-05 7.6467e-05 7.03758e-05 6.7053e-05 6.36441e-05 5.6523e-05 4.89929e-05 4.28179e-05 3.88357e-05 3.7963e-05 3.79675e-05 3.65431e-05 3.1987e-05 2.66302e-05 2.14965e-05 1.66513e-05 1.34463e-05 1.23569e-05 1.27672e-05 1.29816e-05 1.26373e-05 1.16846e-05 1.00591e-05 9.03975e-06 9.37691e-06 9.20743e-06 0.000118438 0.00010339 9.47007e-05 8.68202e-05 7.75495e-05 6.95707e-05 6.4049e-05 6.10663e-05 5.80449e-05 5.15826e-05 4.47716e-05 3.9172e-05 3.55401e-05 3.47544e-05 3.47019e-05 3.33207e-05 2.91934e-05 2.43915e-05 1.96778e-05 1.51872e-05 1.22228e-05 1.1195e-05 1.16657e-05 1.18822e-05 1.15417e-05 1.0581e-05 9.03975e-06 8.18938e-06 8.69311e-06 8.50229e-06 0.000126309 0.000109942 0.000100842 9.27543e-05 8.32337e-05 7.47393e-05 6.88673e-05 6.57834e-05 6.27765e-05 5.58834e-05 4.86854e-05 4.27253e-05 3.87971e-05 3.79778e-05 3.77525e-05 3.60147e-05 3.1634e-05 2.66893e-05 2.14975e-05 1.64275e-05 1.30986e-05 1.18851e-05 1.26814e-05 1.29778e-05 1.25307e-05 1.12186e-05 9.37691e-06 8.69311e-06 9.82148e-06 9.50731e-06 0.000123439 0.000107497 9.85763e-05 9.06197e-05 8.12549e-05 7.29511e-05 6.72097e-05 6.41799e-05 6.12057e-05 5.44695e-05 4.74241e-05 4.15975e-05 3.77677e-05 3.69639e-05 3.67717e-05 3.51171e-05 3.08326e-05 2.5971e-05 2.09244e-05 1.60161e-05 1.27905e-05 1.16239e-05 1.23535e-05 1.26323e-05 1.22093e-05 1.09745e-05 9.20743e-06 8.50229e-06 9.50731e-06 9.21857e-06 
