2.76841e-07 2.91712e-06 3.74915e-06 3.80485e-06 3.45624e-06 3.00564e-06 2.53226e-06 2.07494e-06 1.64111e-06 1.31582e-06 1.07559e-06 8.80004e-07 7.08776e-07 5.8053e-07 4.89164e-07 4.38776e-07 3.62227e-07 2.92104e-07 2.08224e-07 1.44493e-07 7.18712e-08 6.61832e-09 -2.12951e-08 -5.84806e-08 -7.6626e-08 -9.04989e-08 -1.08233e-07 -1.08884e-07 -9.58576e-08 -8.87251e-08 2.91712e-06 0.000126447 0.000156965 0.000149977 0.000131151 0.00011393 9.45038e-05 7.52919e-05 5.78442e-05 4.36085e-05 3.30345e-05 2.50176e-05 1.83697e-05 1.40234e-05 1.12283e-05 9.15162e-06 8.28885e-06 7.63354e-06 5.67127e-06 3.54111e-06 1.8242e-06 1.14313e-06 5.209e-07 1.81196e-07 -4.84722e-07 -8.58093e-07 -5.56489e-07 -3.33708e-07 -1.14025e-06 -1.57857e-06 3.74915e-06 0.000156965 0.000194929 0.000186373 0.000163054 0.000141651 0.000117527 9.36711e-05 7.19917e-05 5.43165e-05 4.11902e-05 3.12329e-05 2.29698e-05 1.75573e-05 1.40718e-05 1.14926e-05 1.03886e-05 9.54389e-06 7.08555e-06 4.43298e-06 2.28218e-06 1.40702e-06 6.26827e-07 1.88588e-07 -6.39104e-07 -1.10473e-06 -7.44339e-07 -4.70629e-07 -1.45401e-06 -1.98938e-06 3.80485e-06 0.000149977 0.000186373 0.000178709 0.00015654 0.000135889 0.000112691 8.98459e-05 6.91273e-05 5.2355e-05 3.98678e-05 3.03199e-05 2.24034e-05 1.72058e-05 1.3833e-05 1.13616e-05 1.02146e-05 9.30079e-06 6.88814e-06 4.32556e-06 2.22222e-06 1.32239e-06 5.52405e-07 7.46561e-08 -7.3226e-07 -1.20439e-06 -9.08022e-07 -6.66722e-07 -1.54253e-06 -1.99947e-06 3.45624e-06 0.000131151 0.000163054 0.00015654 0.00013721 0.000119091 9.87661e-05 7.87731e-05 6.06415e-05 4.59982e-05 3.50905e-05 2.67302e-05 1.97961e-05 1.52345e-05 1.22658e-05 1.01022e-05 9.05817e-06 8.21594e-06 6.07801e-06 3.8257e-06 1.96353e-06 1.14404e-06 4.60416e-07 1.92199e-08 -6.90639e-07 -1.1109e-06 -8.71114e-07 -6.66373e-07 -1.40697e-06 -1.78896e-06 3.00564e-06 0.00011393 0.000141651 0.000135889 0.000119091 0.000103405 8.57946e-05 6.84404e-05 5.26781e-05 3.99147e-05 3.042e-05 2.31659e-05 1.71428e-05 1.31783e-05 1.06043e-05 8.7265e-06 7.83082e-06 7.11669e-06 5.26752e-06 3.31551e-06 1.70237e-06 9.93898e-07 4.03678e-07 3.05404e-08 -5.8117e-07 -9.38107e-07 -7.21922e-07 -5.38806e-07 -1.19314e-06 -1.5385e-06 2.53226e-06 9.45038e-05 0.000117527 0.000112691 9.87661e-05 8.57946e-05 7.12235e-05 5.68383e-05 4.3748e-05 3.31228e-05 2.52303e-05 1.92189e-05 1.42202e-05 1.09252e-05 8.78994e-06 7.23334e-06 6.49079e-06 5.90474e-06 4.37149e-06 2.75393e-06 1.41422e-06 8.21082e-07 3.32449e-07 2.70207e-08 -4.76399e-07 -7.66019e-07 -5.83836e-07 -4.2819e-07 -9.75415e-07 -1.27113e-06 2.07494e-06 7.52919e-05 9.36711e-05 8.98459e-05 7.87731e-05 6.84404e-05 5.68383e-05 4.53778e-05 3.49368e-05 2.64596e-05 2.01668e-05 1.53772e-05 1.13901e-05 8.7568e-06 7.04981e-06 5.80947e-06 5.20599e-06 4.72949e-06 3.49994e-06 2.20865e-06 1.13375e-06 6.4886e-07 2.56996e-07 8.78295e-09 -3.91564e-07 -6.21283e-07 -4.8043e-07 -3.56411e-07 -7.87153e-07 -1.02215e-06 1.64111e-06 5.78442e-05 7.19917e-05 6.91273e-05 6.06415e-05 5.26781e-05 4.3748e-05 3.49368e-05 2.69109e-05 2.04092e-05 1.55801e-05 1.18959e-05 8.82853e-06 6.79956e-06 5.48082e-06 4.52696e-06 4.0477e-06 3.66488e-06 2.70951e-06 1.71304e-06 8.78616e-07 4.93974e-07 1.88953e-07 -1.08661e-08 -3.20261e-07 -4.99903e-07 -3.99215e-07 -3.06519e-07 -6.27591e-07 -8.00953e-07 1.31582e-06 4.36085e-05 5.43165e-05 5.2355e-05 4.59982e-05 3.99147e-05 3.31228e-05 2.64596e-05 2.04092e-05 1.55555e-05 1.19373e-05 9.14644e-06 6.82635e-06 5.28776e-06 4.2777e-06 3.55582e-06 3.16e-06 2.83074e-06 2.08657e-06 1.32464e-06 6.77705e-07 3.64579e-07 1.2534e-07 -4.78604e-08 -2.87597e-07 -4.33979e-07 -3.76354e-07 -3.1448e-07 -5.32149e-07 -6.41328e-07 1.07559e-06 3.30345e-05 4.11902e-05 3.98678e-05 3.50905e-05 3.042e-05 2.52303e-05 2.01668e-05 1.55801e-05 1.19373e-05 9.21268e-06 7.08791e-06 5.32303e-06 4.14808e-06 3.36874e-06 2.81968e-06 2.48922e-06 2.20504e-06 1.62017e-06 1.03383e-06 5.27495e-07 2.68454e-07 7.91762e-08 -7.11763e-08 -2.57649e-07 -3.76819e-07 -3.4879e-07 -3.08196e-07 -4.52395e-07 -5.18048e-07 8.80004e-07 2.50176e-05 3.12329e-05 3.03199e-05 2.67302e-05 2.31659e-05 1.92189e-05 1.53772e-05 1.18959e-05 9.14644e-06 7.08791e-06 5.47381e-06 4.1315e-06 3.23322e-06 2.63359e-06 2.21668e-06 1.94638e-06 1.71044e-06 1.25378e-06 8.04254e-07 4.09518e-07 1.97062e-07 4.87406e-08 -7.63351e-08 -2.19387e-07 -3.12869e-07 -3.00952e-07 -2.73052e-07 -3.70159e-07 -4.11828e-07 7.08776e-07 1.83697e-05 2.29698e-05 2.24034e-05 1.97961e-05 1.71428e-05 1.42202e-05 1.13901e-05 8.82853e-06 6.82635e-06 5.32303e-06 4.1315e-06 3.14024e-06 2.47282e-06 2.02254e-06 1.71506e-06 1.4952e-06 1.29877e-06 9.48744e-07 6.12549e-07 3.10994e-07 1.38654e-07 2.42805e-08 -8.02177e-08 -1.8792e-07 -2.61157e-07 -2.62822e-07 -2.46032e-07 -3.03666e-07 -3.24042e-07 5.8053e-07 1.40234e-05 1.75573e-05 1.72058e-05 1.52345e-05 1.31783e-05 1.09252e-05 8.7568e-06 6.79956e-06 5.28776e-06 4.14808e-06 3.23322e-06 2.47282e-06 1.95857e-06 1.60777e-06 1.37195e-06 1.18888e-06 1.02168e-06 7.43953e-07 4.82756e-07 2.44448e-07 1.01986e-07 1.06762e-08 -7.85964e-08 -1.63213e-07 -2.232e-07 -2.32224e-07 -2.22505e-07 -2.5624e-07 -2.63371e-07 4.89164e-07 1.12283e-05 1.40718e-05 1.3833e-05 1.22658e-05 1.06043e-05 8.78994e-06 7.04981e-06 5.48082e-06 4.2777e-06 3.36874e-06 2.63359e-06 2.02254e-06 1.60777e-06 1.32291e-06 1.13353e-06 9.78387e-07 8.35138e-07 6.06876e-07 3.95266e-07 1.99804e-07 7.93017e-08 3.9899e-09 -7.26209e-08 -1.41506e-07 -1.91487e-07 -2.02926e-07 -1.96688e-07 -2.18156e-07 -2.19618e-07 4.38776e-07 9.15162e-06 1.14926e-05 1.13616e-05 1.01022e-05 8.7265e-06 7.23334e-06 5.80947e-06 4.52696e-06 3.55582e-06 2.81968e-06 2.21668e-06 1.71506e-06 1.37195e-06 1.13353e-06 9.78346e-07 8.3855e-07 7.07475e-07 5.12255e-07 3.36e-07 1.69335e-07 6.0777e-08 -3.99584e-09 -7.4242e-08 -1.31951e-07 -1.75397e-07 -1.91155e-07 -1.88285e-07 -1.97357e-07 -1.92396e-07 3.62227e-07 8.28885e-06 1.03886e-05 1.02146e-05 9.05817e-06 7.83082e-06 6.49079e-06 5.20599e-06 4.0477e-06 3.16e-06 2.48922e-06 1.94638e-06 1.4952e-06 1.18888e-06 9.78387e-07 8.3855e-07 7.23595e-07 6.17361e-07 4.48558e-07 2.92218e-07 1.47697e-07 5.84316e-08 2.72282e-09 -5.40998e-08 -1.05019e-07 -1.42029e-07 -1.50693e-07 -1.46174e-07 -1.61733e-07 -1.62576e-07 2.92104e-07 7.63354e-06 9.54389e-06 9.30079e-06 8.21594e-06 7.11669e-06 5.90474e-06 4.72949e-06 3.66488e-06 2.83074e-06 2.20504e-06 1.71044e-06 1.29877e-06 1.02168e-06 8.35138e-07 7.07475e-07 6.17361e-07 5.37272e-07 3.92689e-07 2.53386e-07 1.28703e-07 5.78655e-08 1.06829e-08 -3.18834e-08 -7.63632e-08 -1.06333e-07 -1.06334e-07 -9.90284e-08 -1.23906e-07 -1.33248e-07 2.08224e-07 5.67127e-06 7.08555e-06 6.88814e-06 6.07801e-06 5.26752e-06 4.37149e-06 3.49994e-06 2.70951e-06 2.08657e-06 1.62017e-06 1.25378e-06 9.48744e-07 7.43953e-07 6.06876e-07 5.12255e-07 4.48558e-07 3.92689e-07 2.87515e-07 1.84979e-07 9.40947e-08 4.3847e-08 9.63957e-09 -1.99899e-08 -5.25593e-08 -7.4011e-08 -7.23797e-08 -6.6323e-08 -8.69607e-08 -9.56194e-08 1.44493e-07 3.54111e-06 4.43298e-06 4.32556e-06 3.8257e-06 3.31551e-06 2.75393e-06 2.20865e-06 1.71304e-06 1.32464e-06 1.03383e-06 8.04254e-07 6.12549e-07 4.82756e-07 3.95266e-07 3.36e-07 2.92218e-07 2.53386e-07 1.84979e-07 1.1991e-07 6.08408e-08 2.60098e-08 3.68329e-09 -1.69296e-08 -3.74979e-08 -5.13213e-08 -5.2075e-08 -4.8736e-08 -5.93447e-08 -6.34494e-08 7.18712e-08 1.8242e-06 2.28218e-06 2.22222e-06 1.96353e-06 1.70237e-06 1.41422e-06 1.13375e-06 8.78616e-07 6.77705e-07 5.27495e-07 4.09518e-07 3.10994e-07 2.44448e-07 1.99804e-07 1.69335e-07 1.47697e-07 1.28703e-07 9.40947e-08 6.08408e-08 3.09077e-08 1.36477e-08 2.38286e-09 -7.68216e-09 -1.81522e-08 -2.50577e-08 -2.49917e-08 -2.31025e-08 -2.91656e-08 -3.17447e-08 6.61832e-09 1.14313e-06 1.40702e-06 1.32239e-06 1.14404e-06 9.93898e-07 8.21082e-07 6.4886e-07 4.93974e-07 3.64579e-07 2.68454e-07 1.97062e-07 1.38654e-07 1.01986e-07 7.93017e-08 6.0777e-08 5.84316e-08 5.78655e-08 4.3847e-08 2.60098e-08 1.36477e-08 1.22001e-08 7.88931e-09 7.68461e-09 1.97372e-09 -8.28432e-10 4.30379e-09 6.91406e-09 -3.46752e-09 -9.18561e-09 -2.12951e-08 5.209e-07 6.26827e-07 5.52405e-07 4.60416e-07 4.03678e-07 3.32449e-07 2.56996e-07 1.88953e-07 1.2534e-07 7.91762e-08 4.87406e-08 2.42805e-08 1.06762e-08 3.9899e-09 -3.99584e-09 2.72282e-09 1.06829e-08 9.63957e-09 3.68329e-09 2.38286e-09 7.88931e-09 7.88304e-09 1.22537e-08 1.04731e-08 1.06296e-08 1.66602e-08 1.90567e-08 9.50788e-09 3.52176e-09 -5.84806e-08 1.81196e-07 1.88588e-07 7.46561e-08 1.92199e-08 3.05404e-08 2.70207e-08 8.78295e-09 -1.08661e-08 -4.78604e-08 -7.11763e-08 -7.63351e-08 -8.02177e-08 -7.85964e-08 -7.26209e-08 -7.4242e-08 -5.40998e-08 -3.18834e-08 -1.99899e-08 -1.69296e-08 -7.68216e-09 7.68461e-09 1.22537e-08 2.44107e-08 2.61106e-08 3.0155e-08 4.09922e-08 4.4998e-08 3.01896e-08 1.93652e-08 -7.6626e-08 -4.84722e-07 -6.39104e-07 -7.3226e-07 -6.90639e-07 -5.8117e-07 -4.76399e-07 -3.91564e-07 -3.20261e-07 -2.87597e-07 -2.57649e-07 -2.19387e-07 -1.8792e-07 -1.63213e-07 -1.41506e-07 -1.31951e-07 -1.05019e-07 -7.63632e-08 -5.25593e-08 -3.74979e-08 -1.81522e-08 1.97372e-09 1.04731e-08 2.61106e-08 3.19679e-08 3.90604e-08 4.96541e-08 5.32216e-08 4.08293e-08 3.03878e-08 -9.04989e-08 -8.58093e-07 -1.10473e-06 -1.20439e-06 -1.1109e-06 -9.38107e-07 -7.66019e-07 -6.21283e-07 -4.99903e-07 -4.33979e-07 -3.76819e-07 -3.12869e-07 -2.61157e-07 -2.232e-07 -1.91487e-07 -1.75397e-07 -1.42029e-07 -1.06333e-07 -7.4011e-08 -5.13213e-08 -2.50577e-08 -8.28432e-10 1.06296e-08 3.0155e-08 3.90604e-08 4.90574e-08 6.10583e-08 6.51991e-08 5.20655e-08 3.96863e-08 -1.08233e-07 -5.56489e-07 -7.44339e-07 -9.08022e-07 -8.71114e-07 -7.21922e-07 -5.83836e-07 -4.8043e-07 -3.99215e-07 -3.76354e-07 -3.4879e-07 -3.00952e-07 -2.62822e-07 -2.32224e-07 -2.02926e-07 -1.91155e-07 -1.50693e-07 -1.06334e-07 -7.23797e-08 -5.2075e-08 -2.49917e-08 4.30379e-09 1.66602e-08 4.09922e-08 4.96541e-08 6.10583e-08 7.83745e-08 8.48201e-08 6.36949e-08 4.54255e-08 -1.08884e-07 -3.33708e-07 -4.70629e-07 -6.66722e-07 -6.66373e-07 -5.38806e-07 -4.2819e-07 -3.56411e-07 -3.06519e-07 -3.1448e-07 -3.08196e-07 -2.73052e-07 -2.46032e-07 -2.22505e-07 -1.96688e-07 -1.88285e-07 -1.46174e-07 -9.90284e-08 -6.6323e-08 -4.8736e-08 -2.31025e-08 6.91406e-09 1.90567e-08 4.4998e-08 5.32216e-08 6.51991e-08 8.48201e-08 9.25243e-08 6.75895e-08 4.62513e-08 -9.58576e-08 -1.14025e-06 -1.45401e-06 -1.54253e-06 -1.40697e-06 -1.19314e-06 -9.75415e-07 -7.87153e-07 -6.27591e-07 -5.32149e-07 -4.52395e-07 -3.70159e-07 -3.03666e-07 -2.5624e-07 -2.18156e-07 -1.97357e-07 -1.61733e-07 -1.23906e-07 -8.69607e-08 -5.93447e-08 -2.91656e-08 -3.46752e-09 9.50788e-09 3.01896e-08 4.08293e-08 5.20655e-08 6.36949e-08 6.75895e-08 5.58228e-08 4.37874e-08 -8.87251e-08 -1.57857e-06 -1.98938e-06 -1.99947e-06 -1.78896e-06 -1.5385e-06 -1.27113e-06 -1.02215e-06 -8.00953e-07 -6.41328e-07 -5.18048e-07 -4.11828e-07 -3.24042e-07 -2.63371e-07 -2.19618e-07 -1.92396e-07 -1.62576e-07 -1.33248e-07 -9.56194e-08 -6.34494e-08 -3.17447e-08 -9.18561e-09 3.52176e-09 1.93652e-08 3.03878e-08 3.96863e-08 4.54255e-08 4.62513e-08 4.37874e-08 3.93823e-08 
4.95192e-05 -1.35834e-05 -4.54933e-05 -5.77633e-05 -6.57276e-05 -7.5395e-05 -7.85654e-05 -7.62661e-05 -7.13598e-05 -6.55821e-05 -5.94658e-05 -5.45384e-05 -5.20623e-05 -5.17911e-05 -5.13991e-05 -5.17273e-05 -5.11796e-05 -5.08764e-05 -4.92161e-05 -4.79572e-05 -4.87566e-05 -5.01004e-05 -4.95717e-05 -4.67763e-05 -4.49663e-05 -4.65521e-05 -4.94099e-05 -5.13531e-05 -5.12477e-05 -4.8141e-05 -1.35834e-05 0.000250581 0.000322932 0.000348859 0.000353583 0.000327888 0.000289845 0.000253847 0.000220885 0.000201024 0.000191686 0.000182904 0.000169552 0.000149517 0.000131489 0.0001215 0.000117324 0.0001122 0.000105036 9.81021e-05 9.20351e-05 8.81714e-05 8.30873e-05 7.93564e-05 7.94409e-05 8.19462e-05 9.0629e-05 9.55985e-05 9.14195e-05 8.43658e-05 -4.54933e-05 0.000322932 0.0004372 0.000483293 0.000497663 0.000471625 0.000425128 0.000377764 0.000332786 0.000304777 0.000290094 0.000276375 0.000257418 0.00023025 0.000205757 0.000192384 0.000186341 0.000179317 0.000168698 0.000158678 0.000151006 0.000146631 0.000139547 0.000132896 0.00013203 0.000136317 0.000149486 0.000157238 0.00015183 0.000140561 -5.77633e-05 0.000348859 0.000483293 0.000542851 0.000564436 0.00053915 0.00048927 0.000437102 0.000387099 0.000356355 0.000340196 0.000324774 0.000303081 0.000271664 0.000243367 0.000227858 0.000220694 0.000212608 0.00020011 0.000188427 0.000179729 0.000174929 0.000166762 0.000158685 0.000157509 0.000162673 0.000178064 0.000187204 0.000181271 0.000167867 -6.57276e-05 0.000353583 0.000497663 0.000564436 0.000590328 0.000566872 0.000516735 0.000463233 0.000411565 0.000379925 0.000363146 0.000346973 0.000324174 0.000291097 0.000261313 0.000244976 0.000237313 0.000228811 0.000215466 0.000203064 0.000194041 0.000189191 0.000180588 0.000171755 0.000170345 0.000175962 0.000192367 0.000202167 0.000196101 0.000181657 -7.5395e-05 0.000327888 0.000471625 0.00053915 0.000566872 0.000548665 0.000503546 0.000453544 0.000404444 0.000373816 0.000356806 0.000340547 0.00031861 0.000287506 0.000259469 0.000244207 0.000236829 0.000228787 0.000215792 0.000203816 0.000195597 0.000191453 0.000183257 0.000174167 0.000172347 0.000178069 0.000194214 0.000203941 0.000198318 0.000183888 -7.85654e-05 0.000289845 0.000425128 0.00048927 0.000516735 0.000503546 0.000464809 0.000420307 0.000375945 0.0003478 0.000331552 0.000316135 0.000296108 0.000268305 0.00024322 0.000229662 0.000222929 0.000215701 0.000203719 0.000192756 0.000185627 0.000182264 0.000174849 0.000166081 0.000164047 0.000169522 0.000184548 0.000193662 0.000188696 0.000175103 -7.62661e-05 0.000253847 0.000377764 0.000437102 0.000463233 0.000453544 0.000420307 0.0003811 0.000341605 0.000316304 0.000301348 0.000287201 0.00026922 0.000244571 0.00022232 0.000210346 0.000204289 0.000197861 0.00018702 0.000177149 0.000170961 0.000168186 0.000161563 0.000153405 0.000151361 0.000156431 0.000170098 0.000178427 0.000174074 0.00016161 -7.13598e-05 0.000220885 0.000332786 0.000387099 0.000411565 0.000404444 0.000375945 0.000341605 0.000306747 0.000284318 0.000270869 0.000258139 0.000242133 0.000220327 0.000200637 0.000190064 0.000184645 0.00017895 0.000169226 0.000160407 0.000155016 0.000152691 0.000146809 0.000139358 0.000137409 0.000142025 0.000154309 0.000161822 0.000158024 0.00014675 -6.55821e-05 0.000201024 0.000304777 0.000356355 0.000379925 0.000373816 0.0003478 0.000316304 0.000284318 0.000263933 0.000251797 0.000240201 0.000225379 0.000204979 0.000186571 0.000176649 0.000171565 0.000166255 0.000157184 0.000148966 0.000143919 0.000141734 0.000136257 0.000129332 0.000127555 0.000131845 0.000143246 0.000150226 0.000146743 0.000136255 -5.94658e-05 0.000191686 0.000290094 0.000340196 0.000363146 0.000356806 0.000331552 0.000301348 0.000270869 0.000251797 0.000240719 0.00022998 0.000215772 0.000195816 0.00017783 0.000168065 0.000163119 0.000157957 0.000149224 0.0001413 0.000136291 0.000134039 0.000128736 0.000122207 0.000120644 0.0001247 0.000135573 0.000142219 0.000138867 0.000128885 -5.45384e-05 0.000182904 0.000276375 0.000324774 0.000346973 0.000340547 0.000316135 0.000287201 0.000258139 0.000240201 0.00022998 0.000219959 0.000206356 0.000186973 0.000169516 0.000159991 0.000155207 0.000150214 0.000141828 0.000134209 0.000129296 0.000127028 0.000121915 0.000115742 0.000114343 0.000118186 0.000128556 0.000134887 0.000131668 0.000122162 -5.20623e-05 0.000169552 0.000257418 0.000303081 0.000324174 0.00031861 0.000296108 0.00026922 0.000242133 0.000225379 0.000215772 0.000206356 0.000193639 0.000175566 0.000159287 0.000150413 0.000145934 0.000141276 0.000133416 0.000126285 0.000121729 0.000119654 0.000114879 0.000109051 0.000107703 0.000111326 0.000121056 0.000127005 0.000124018 0.000115078 -5.17911e-05 0.000149517 0.00023025 0.000271664 0.000291097 0.000287506 0.000268305 0.000244571 0.000220327 0.000204979 0.000195816 0.000186973 0.000175566 0.000159772 0.000145528 0.000137833 0.000133856 0.000129755 0.000122687 0.000116307 0.000112438 0.000110803 0.000106571 0.000101128 9.97191e-05 0.000103083 0.000111936 0.000117373 0.000114756 0.00010656 -5.13991e-05 0.000131489 0.000205757 0.000243367 0.000261313 0.000259469 0.00024322 0.00022232 0.000200637 0.000186571 0.00017783 0.000169516 0.000159287 0.000145528 0.000133099 0.000126454 0.000122926 0.000119325 0.000112967 0.000107261 0.000104002 0.000102756 9.90109e-05 9.39198e-05 9.24617e-05 9.55902e-05 0.000103651 0.000108627 0.000106341 9.88175e-05 -5.17273e-05 0.0001215 0.000192384 0.000227858 0.000244976 0.000244207 0.000229662 0.000210346 0.000190064 0.000176649 0.000168065 0.000159991 0.000150413 0.000137833 0.000126454 0.000120423 0.000117152 0.000113836 0.000107874 0.000102544 9.96483e-05 9.86413e-05 9.51719e-05 9.02548e-05 8.87478e-05 9.17566e-05 9.93913e-05 0.000104121 0.000102023 9.48553e-05 -5.11796e-05 0.000117324 0.000186341 0.000220694 0.000237313 0.000236829 0.000222929 0.000204289 0.000184645 0.000171565 0.000163119 0.000155207 0.000145934 0.000133856 0.000122926 0.000117152 0.000113999 0.000110806 0.000105035 9.98823e-05 9.71282e-05 9.62028e-05 9.28568e-05 8.8053e-05 8.65502e-05 8.9486e-05 9.69018e-05 0.000101501 9.948e-05 9.25071e-05 -5.08764e-05 0.0001122 0.000179317 0.000212608 0.000228811 0.000228787 0.000215701 0.000197861 0.00017895 0.000166255 0.000157957 0.000150214 0.000141276 0.000129755 0.000119325 0.000113836 0.000110806 0.000107752 0.000102182 9.72183e-05 9.46286e-05 9.38048e-05 9.05944e-05 8.58972e-05 8.43884e-05 8.72536e-05 9.44408e-05 9.89056e-05 9.69779e-05 9.02008e-05 -4.92161e-05 0.000105036 0.000168698 0.00020011 0.000215466 0.000215792 0.000203719 0.00018702 0.000169226 0.000157184 0.000149224 0.000141828 0.000133416 0.000122687 0.000112967 0.000107874 0.000105035 0.000102182 9.6937e-05 9.22709e-05 8.98915e-05 8.91756e-05 8.61683e-05 8.16925e-05 8.02198e-05 8.29456e-05 8.97415e-05 9.39693e-05 9.21702e-05 8.57473e-05 -4.79572e-05 9.81021e-05 0.000158678 0.000188427 0.000203064 0.000203816 0.000192756 0.000177149 0.000160407 0.000148966 0.0001413 0.000134209 0.000126285 0.000116307 0.000107261 0.000102544 9.98823e-05 9.72183e-05 9.22709e-05 8.78797e-05 8.5706e-05 8.51021e-05 8.2285e-05 7.80007e-05 7.65508e-05 7.91547e-05 8.55963e-05 8.96113e-05 8.79364e-05 8.18294e-05 -4.87566e-05 9.20351e-05 0.000151006 0.000179729 0.000194041 0.000195597 0.000185627 0.000170961 0.000155016 0.000143919 0.000136291 0.000129296 0.000121729 0.000112438 0.000104002 9.96483e-05 9.71282e-05 9.46286e-05 8.98915e-05 8.5706e-05 8.37557e-05 8.33101e-05 8.06492e-05 7.6431e-05 7.49306e-05 7.74844e-05 8.37096e-05 8.7604e-05 8.60423e-05 8.01051e-05 -5.01004e-05 8.81714e-05 0.000146631 0.000174929 0.000189191 0.000191453 0.000182264 0.000168186 0.000152691 0.000141734 0.000134039 0.000127028 0.000119654 0.000110803 0.000102756 9.86413e-05 9.62028e-05 9.38048e-05 8.91756e-05 8.51021e-05 8.33101e-05 8.29902e-05 8.04218e-05 7.61991e-05 7.46358e-05 7.71841e-05 8.33162e-05 8.7165e-05 8.56769e-05 7.97972e-05 -4.95717e-05 8.30873e-05 0.000139547 0.000166762 0.000180588 0.000183257 0.000174849 0.000161563 0.000146809 0.000136257 0.000128736 0.000121915 0.000114879 0.000106571 9.90109e-05 9.51719e-05 9.28568e-05 9.05944e-05 8.61683e-05 8.2285e-05 8.06492e-05 8.04218e-05 7.7988e-05 7.38821e-05 7.23213e-05 7.47936e-05 8.06898e-05 8.43989e-05 8.30022e-05 7.73276e-05 -4.67763e-05 7.93564e-05 0.000132896 0.000158685 0.000171755 0.000174167 0.000166081 0.000153405 0.000139358 0.000129332 0.000122207 0.000115742 0.000109051 0.000101128 9.39198e-05 9.02548e-05 8.8053e-05 8.58972e-05 8.16925e-05 7.80007e-05 7.6431e-05 7.61991e-05 7.38821e-05 6.9995e-05 6.85247e-05 7.08664e-05 7.64628e-05 7.99813e-05 7.8647e-05 7.32662e-05 -4.49663e-05 7.94409e-05 0.00013203 0.000157509 0.000170345 0.000172347 0.000164047 0.000151361 0.000137409 0.000127555 0.000120644 0.000114343 0.000107703 9.97191e-05 9.24617e-05 8.87478e-05 8.65502e-05 8.43884e-05 8.02198e-05 7.65508e-05 7.49306e-05 7.46358e-05 7.23213e-05 6.85247e-05 6.71228e-05 6.94145e-05 7.4933e-05 7.83961e-05 7.70546e-05 7.17647e-05 -4.65521e-05 8.19462e-05 0.000136317 0.000162673 0.000175962 0.000178069 0.000169522 0.000156431 0.000142025 0.000131845 0.0001247 0.000118186 0.000111326 0.000103083 9.55902e-05 9.17566e-05 8.9486e-05 8.72536e-05 8.29456e-05 7.91547e-05 7.74844e-05 7.71841e-05 7.47936e-05 7.08664e-05 6.94145e-05 7.17846e-05 7.74888e-05 8.10689e-05 7.96851e-05 7.42155e-05 -4.94099e-05 9.0629e-05 0.000149486 0.000178064 0.000192367 0.000194214 0.000184548 0.000170098 0.000154309 0.000143246 0.000135573 0.000128556 0.000121056 0.000111936 0.000103651 9.93913e-05 9.69018e-05 9.44408e-05 8.97415e-05 8.55963e-05 8.37096e-05 8.33162e-05 8.06898e-05 7.64628e-05 7.4933e-05 7.74888e-05 8.36855e-05 8.75672e-05 8.60332e-05 8.01104e-05 -5.13531e-05 9.55985e-05 0.000157238 0.000187204 0.000202167 0.000203941 0.000193662 0.000178427 0.000161822 0.000150226 0.000142219 0.000134887 0.000127005 0.000117373 0.000108627 0.000104121 0.000101501 9.89056e-05 9.39693e-05 8.96113e-05 8.7604e-05 8.7165e-05 8.43989e-05 7.99813e-05 7.83961e-05 8.10689e-05 8.75672e-05 9.16352e-05 9.00152e-05 8.38111e-05 -5.12477e-05 9.14195e-05 0.00015183 0.000181271 0.000196101 0.000198318 0.000188696 0.000174074 0.000158024 0.000146743 0.000138867 0.000131668 0.000124018 0.000114756 0.000106341 0.000102023 9.948e-05 9.69779e-05 9.21702e-05 8.79364e-05 8.60423e-05 8.56769e-05 8.30022e-05 7.8647e-05 7.70546e-05 7.96851e-05 8.60332e-05 9.00152e-05 8.84669e-05 8.23851e-05 -4.8141e-05 8.43658e-05 0.000140561 0.000167867 0.000181657 0.000183888 0.000175103 0.00016161 0.00014675 0.000136255 0.000128885 0.000122162 0.000115078 0.00010656 9.88175e-05 9.48553e-05 9.25071e-05 9.02008e-05 8.57473e-05 8.18294e-05 8.01051e-05 7.97972e-05 7.73276e-05 7.32662e-05 7.17647e-05 7.42155e-05 8.01104e-05 8.38111e-05 8.23851e-05 7.67302e-05 
0.0021717 0.00129472 0.000813951 0.000523746 0.000339628 0.000209215 0.00012395 6.52882e-05 3.3961e-05 1.71167e-05 -1.19812e-06 -2.13739e-05 -3.70826e-05 -5.02461e-05 -5.85682e-05 -6.8538e-05 -7.46587e-05 -7.75334e-05 -8.26859e-05 -9.00469e-05 -9.69989e-05 -0.000103361 -0.000106512 -0.000108936 -0.000119313 -0.000138858 -0.000164688 -0.000189844 -0.000207475 -0.000216375 0.00129472 0.000833408 0.000559786 0.000381392 0.000261583 0.000175914 0.000115811 7.1679e-05 4.51194e-05 2.8569e-05 1.27485e-05 -2.86639e-06 -1.50532e-05 -2.46341e-05 -3.06581e-05 -3.75639e-05 -4.09533e-05 -4.23101e-05 -4.58252e-05 -5.09503e-05 -5.53398e-05 -5.86947e-05 -6.06001e-05 -6.17541e-05 -6.801e-05 -7.94392e-05 -9.38734e-05 -0.00010821 -0.000119159 -0.000124785 0.000813951 0.000559786 0.000395405 0.000280229 0.000199103 0.000140639 9.74595e-05 6.43787e-05 4.31177e-05 2.8984e-05 1.62321e-05 4.38736e-06 -4.86335e-06 -1.18922e-05 -1.63057e-05 -2.12013e-05 -2.31701e-05 -2.37898e-05 -2.62365e-05 -2.9844e-05 -3.2681e-05 -3.44772e-05 -3.56503e-05 -3.61602e-05 -4.00534e-05 -4.69821e-05 -5.53089e-05 -6.37663e-05 -7.08071e-05 -7.45165e-05 0.000523746 0.000381392 0.000280229 0.000204498 0.000148933 0.000108602 7.7638e-05 5.31982e-05 3.6864e-05 2.56611e-05 1.5873e-05 7.14632e-06 3.37966e-07 -4.77322e-06 -7.99427e-06 -1.14625e-05 -1.2617e-05 -1.28393e-05 -1.45211e-05 -1.70036e-05 -1.87753e-05 -1.96582e-05 -2.03365e-05 -2.04668e-05 -2.28261e-05 -2.694e-05 -3.15732e-05 -3.64269e-05 -4.09013e-05 -4.33673e-05 0.000339628 0.000261583 0.000199103 0.000148933 0.00011065 8.26742e-05 6.04561e-05 4.2485e-05 3.01146e-05 2.14476e-05 1.40484e-05 7.66233e-06 2.68606e-06 -1.02333e-06 -3.37057e-06 -5.83193e-06 -6.50207e-06 -6.52062e-06 -7.67768e-06 -9.38424e-06 -1.04792e-05 -1.08524e-05 -1.12298e-05 -1.11686e-05 -1.25786e-05 -1.49803e-05 -1.74465e-05 -2.01518e-05 -2.2989e-05 -2.46374e-05 0.000209215 0.000175914 0.000140639 0.000108602 8.26742e-05 6.35501e-05 4.76462e-05 3.4377e-05 2.49062e-05 1.80965e-05 1.24344e-05 7.72929e-06 4.06648e-06 1.37117e-06 -3.40437e-07 -2.07846e-06 -2.41311e-06 -2.3018e-06 -3.0897e-06 -4.2539e-06 -4.89162e-06 -4.93194e-06 -5.11156e-06 -4.93651e-06 -5.70433e-06 -6.9451e-06 -7.96109e-06 -9.2194e-06 -1.09292e-05 -1.2e-05 0.00012395 0.000115811 9.74595e-05 7.7638e-05 6.04561e-05 4.76462e-05 3.64869e-05 2.69009e-05 1.98505e-05 1.46886e-05 1.04888e-05 7.12206e-06 4.50633e-06 2.58932e-06 1.36387e-06 1.62811e-07 3.03847e-08 2.03184e-07 -3.13591e-07 -1.07365e-06 -1.39529e-06 -1.24635e-06 -1.29433e-06 -1.06355e-06 -1.40586e-06 -1.90084e-06 -2.0304e-06 -2.38438e-06 -3.32663e-06 -3.99829e-06 6.52882e-05 7.1679e-05 6.43787e-05 5.31982e-05 4.2485e-05 3.4377e-05 2.69009e-05 2.02631e-05 1.52328e-05 1.14953e-05 8.52037e-06 6.23313e-06 4.46229e-06 3.1589e-06 2.31637e-06 1.52789e-06 1.52224e-06 1.71978e-06 1.40837e-06 9.57211e-07 8.60416e-07 1.11651e-06 1.15804e-06 1.4114e-06 1.36046e-06 1.36135e-06 1.78756e-06 2.01624e-06 1.61633e-06 1.23297e-06 3.3961e-05 4.51194e-05 4.31177e-05 3.6864e-05 3.01146e-05 2.49062e-05 1.98505e-05 1.52328e-05 1.1678e-05 9.0467e-06 6.9873e-06 5.47939e-06 4.32227e-06 3.43269e-06 2.84302e-06 2.32456e-06 2.37898e-06 2.58405e-06 2.41375e-06 2.18355e-06 2.24891e-06 2.56753e-06 2.67691e-06 2.94951e-06 3.09458e-06 3.40782e-06 4.1696e-06 4.75603e-06 4.71221e-06 4.50526e-06 1.71167e-05 2.8569e-05 2.8984e-05 2.56611e-05 2.14476e-05 1.80965e-05 1.46886e-05 1.14953e-05 9.0467e-06 7.29793e-06 5.94935e-06 5.03937e-06 4.3578e-06 3.75771e-06 3.33777e-06 3.00476e-06 3.09006e-06 3.30514e-06 3.24327e-06 3.19211e-06 3.40311e-06 3.78279e-06 3.96034e-06 4.26746e-06 4.58118e-06 5.14979e-06 6.19675e-06 7.08012e-06 7.31792e-06 7.22887e-06 -1.19812e-06 1.27485e-05 1.62321e-05 1.5873e-05 1.40484e-05 1.24344e-05 1.04888e-05 8.52037e-06 6.9873e-06 5.94935e-06 5.1856e-06 4.78069e-06 4.50019e-06 4.1524e-06 3.88158e-06 3.71433e-06 3.83919e-06 4.07028e-06 4.10427e-06 4.20877e-06 4.55008e-06 4.99453e-06 5.2332e-06 5.57444e-06 6.04527e-06 6.8619e-06 8.19799e-06 9.37697e-06 9.87646e-06 9.89988e-06 -2.13739e-05 -2.86639e-06 4.38736e-06 7.14632e-06 7.66233e-06 7.72929e-06 7.12206e-06 6.23313e-06 5.47939e-06 5.03937e-06 4.78069e-06 4.83303e-06 4.91701e-06 4.79652e-06 4.65789e-06 4.64556e-06 4.8228e-06 5.08471e-06 5.21351e-06 5.47243e-06 5.95701e-06 6.49184e-06 6.80135e-06 7.19365e-06 7.84402e-06 8.95388e-06 1.06566e-05 1.21988e-05 1.29841e-05 1.31235e-05 -3.70826e-05 -1.50532e-05 -4.86335e-06 3.37966e-07 2.68606e-06 4.06648e-06 4.50633e-06 4.46229e-06 4.32227e-06 4.3578e-06 4.50019e-06 4.91701e-06 5.29214e-06 5.34989e-06 5.3139e-06 5.42335e-06 5.64243e-06 5.93096e-06 6.13614e-06 6.52044e-06 7.12387e-06 7.73521e-06 8.10435e-06 8.54133e-06 9.34036e-06 1.06923e-05 1.27005e-05 1.45439e-05 1.55626e-05 1.57941e-05 -5.02461e-05 -2.46341e-05 -1.18922e-05 -4.77322e-06 -1.02333e-06 1.37117e-06 2.58932e-06 3.1589e-06 3.43269e-06 3.75771e-06 4.1524e-06 4.79652e-06 5.34989e-06 5.5365e-06 5.58043e-06 5.77781e-06 6.02738e-06 6.3249e-06 6.57519e-06 7.02768e-06 7.68437e-06 8.32565e-06 8.71727e-06 9.16373e-06 1.00328e-05 1.15051e-05 1.36546e-05 1.56429e-05 1.67872e-05 1.70826e-05 -5.85682e-05 -3.06581e-05 -1.63057e-05 -7.99427e-06 -3.37057e-06 -3.40437e-07 1.36387e-06 2.31637e-06 2.84302e-06 3.33777e-06 3.88158e-06 4.65789e-06 5.3139e-06 5.58043e-06 5.67543e-06 5.9269e-06 6.1942e-06 6.49368e-06 6.76891e-06 7.25732e-06 7.93738e-06 8.58887e-06 8.98838e-06 9.43381e-06 1.03346e-05 1.18635e-05 1.4074e-05 1.61278e-05 1.73359e-05 1.76693e-05 -6.8538e-05 -3.75639e-05 -2.12013e-05 -1.14625e-05 -5.83193e-06 -2.07846e-06 1.62811e-07 1.52789e-06 2.32456e-06 3.00476e-06 3.71433e-06 4.64556e-06 5.42335e-06 5.77781e-06 5.9269e-06 6.23983e-06 6.53226e-06 6.8419e-06 7.14988e-06 7.68801e-06 8.41042e-06 9.09007e-06 9.50856e-06 9.96524e-06 1.09229e-05 1.25507e-05 1.48835e-05 1.70596e-05 1.83654e-05 1.87462e-05 -7.46587e-05 -4.09533e-05 -2.31701e-05 -1.2617e-05 -6.50207e-06 -2.41311e-06 3.03847e-08 1.52224e-06 2.37898e-06 3.09006e-06 3.83919e-06 4.8228e-06 5.64243e-06 6.02738e-06 6.1942e-06 6.53226e-06 6.8449e-06 7.16852e-06 7.49286e-06 8.05618e-06 8.80844e-06 9.51784e-06 9.95211e-06 1.04248e-05 1.14253e-05 1.3131e-05 1.55728e-05 1.7852e-05 1.92226e-05 1.96297e-05 -7.75334e-05 -4.23101e-05 -2.37898e-05 -1.28393e-05 -6.52062e-06 -2.3018e-06 2.03184e-07 1.71978e-06 2.58405e-06 3.30514e-06 4.07028e-06 5.08471e-06 5.93096e-06 6.3249e-06 6.49368e-06 6.8419e-06 7.16852e-06 7.50826e-06 7.84551e-06 8.43199e-06 9.21847e-06 9.96216e-06 1.04169e-05 1.09131e-05 1.19594e-05 1.37435e-05 1.63001e-05 1.86855e-05 2.01165e-05 2.05394e-05 -8.26859e-05 -4.58252e-05 -2.62365e-05 -1.45211e-05 -7.67768e-06 -3.0897e-06 -3.13591e-07 1.40837e-06 2.41375e-06 3.24327e-06 4.10427e-06 5.21351e-06 6.13614e-06 6.57519e-06 6.76891e-06 7.14988e-06 7.49286e-06 7.84551e-06 8.2055e-06 8.82973e-06 9.65685e-06 1.04322e-05 1.09085e-05 1.14242e-05 1.25231e-05 1.43953e-05 1.70698e-05 1.95685e-05 2.1078e-05 2.15295e-05 -9.00469e-05 -5.09503e-05 -2.9844e-05 -1.70036e-05 -9.38424e-06 -4.2539e-06 -1.07365e-06 9.57211e-07 2.18355e-06 3.19211e-06 4.20877e-06 5.47243e-06 6.52044e-06 7.02768e-06 7.25732e-06 7.68801e-06 8.05618e-06 8.43199e-06 8.82973e-06 9.51829e-06 1.04176e-05 1.12496e-05 1.17653e-05 1.2318e-05 1.3509e-05 1.55332e-05 1.84135e-05 2.11088e-05 2.27517e-05 2.32475e-05 -9.69989e-05 -5.53398e-05 -3.2681e-05 -1.87753e-05 -1.04792e-05 -4.89162e-06 -1.39529e-06 8.60416e-07 2.24891e-06 3.40311e-06 4.55008e-06 5.95701e-06 7.12387e-06 7.68437e-06 7.93738e-06 8.41042e-06 8.80844e-06 9.21847e-06 9.65685e-06 1.04176e-05 1.14084e-05 1.23193e-05 1.28876e-05 1.34952e-05 1.48036e-05 1.70217e-05 2.01748e-05 2.31262e-05 2.49295e-05 2.54707e-05 -0.000103361 -5.86947e-05 -3.44772e-05 -1.96582e-05 -1.08524e-05 -4.93194e-06 -1.24635e-06 1.11651e-06 2.56753e-06 3.78279e-06 4.99453e-06 6.49184e-06 7.73521e-06 8.32565e-06 8.58887e-06 9.09007e-06 9.51784e-06 9.96216e-06 1.04322e-05 1.12496e-05 1.23193e-05 1.33052e-05 1.39199e-05 1.45792e-05 1.59915e-05 1.83851e-05 2.17919e-05 2.4979e-05 2.69211e-05 2.74997e-05 -0.000106512 -6.06001e-05 -3.56503e-05 -2.03365e-05 -1.12298e-05 -5.11156e-06 -1.29433e-06 1.15804e-06 2.67691e-06 3.96034e-06 5.2332e-06 6.80135e-06 8.10435e-06 8.71727e-06 8.98838e-06 9.50856e-06 9.95211e-06 1.04169e-05 1.09085e-05 1.17653e-05 1.28876e-05 1.39199e-05 1.45655e-05 1.52582e-05 1.67377e-05 1.92416e-05 2.2806e-05 2.61399e-05 2.81713e-05 2.87726e-05 -0.000108936 -6.17541e-05 -3.61602e-05 -2.04668e-05 -1.11686e-05 -4.93651e-06 -1.06355e-06 1.4114e-06 2.94951e-06 4.26746e-06 5.57444e-06 7.19365e-06 8.54133e-06 9.16373e-06 9.43381e-06 9.96524e-06 1.04248e-05 1.09131e-05 1.14242e-05 1.2318e-05 1.34952e-05 1.45792e-05 1.52582e-05 1.59891e-05 1.75391e-05 2.01593e-05 2.3894e-05 2.73851e-05 2.95063e-05 3.0127e-05 -0.000119313 -6.801e-05 -4.00534e-05 -2.28261e-05 -1.25786e-05 -5.70433e-06 -1.40586e-06 1.36046e-06 3.09458e-06 4.58118e-06 6.04527e-06 7.84402e-06 9.34036e-06 1.00328e-05 1.03346e-05 1.09229e-05 1.14253e-05 1.19594e-05 1.25231e-05 1.3509e-05 1.48036e-05 1.59915e-05 1.67377e-05 1.75391e-05 1.92417e-05 2.21175e-05 2.62128e-05 3.00422e-05 3.23738e-05 3.30563e-05 -0.000138858 -7.94392e-05 -4.69821e-05 -2.694e-05 -1.49803e-05 -6.9451e-06 -1.90084e-06 1.36135e-06 3.40782e-06 5.14979e-06 6.8619e-06 8.95388e-06 1.06923e-05 1.15051e-05 1.18635e-05 1.25507e-05 1.3131e-05 1.37435e-05 1.43953e-05 1.55332e-05 1.70217e-05 1.83851e-05 1.92416e-05 2.01593e-05 2.21175e-05 2.54258e-05 3.01326e-05 3.45358e-05 3.72224e-05 3.80139e-05 -0.000164688 -9.38734e-05 -5.53089e-05 -3.15732e-05 -1.74465e-05 -7.96109e-06 -2.0304e-06 1.78756e-06 4.1696e-06 6.19675e-06 8.19799e-06 1.06566e-05 1.27005e-05 1.36546e-05 1.4074e-05 1.48835e-05 1.55728e-05 1.63001e-05 1.70698e-05 1.84135e-05 2.01748e-05 2.17919e-05 2.2806e-05 2.3894e-05 2.62128e-05 3.01326e-05 3.57127e-05 4.09317e-05 4.41116e-05 4.50479e-05 -0.000189844 -0.00010821 -6.37663e-05 -3.64269e-05 -2.01518e-05 -9.2194e-06 -2.38438e-06 2.01624e-06 4.75603e-06 7.08012e-06 9.37697e-06 1.21988e-05 1.45439e-05 1.56429e-05 1.61278e-05 1.70596e-05 1.7852e-05 1.86855e-05 1.95685e-05 2.11088e-05 2.31262e-05 2.4979e-05 2.61399e-05 2.73851e-05 3.00422e-05 3.45358e-05 4.09317e-05 4.69142e-05 5.05606e-05 5.16369e-05 -0.000207475 -0.000119159 -7.08071e-05 -4.09013e-05 -2.2989e-05 -1.09292e-05 -3.32663e-06 1.61633e-06 4.71221e-06 7.31792e-06 9.87646e-06 1.29841e-05 1.55626e-05 1.67872e-05 1.73359e-05 1.83654e-05 1.92226e-05 2.01165e-05 2.1078e-05 2.27517e-05 2.49295e-05 2.69211e-05 2.81713e-05 2.95063e-05 3.23738e-05 3.72224e-05 4.41116e-05 5.05606e-05 5.45063e-05 5.56804e-05 -0.000216375 -0.000124785 -7.45165e-05 -4.33673e-05 -2.46374e-05 -1.2e-05 -3.99829e-06 1.23297e-06 4.50526e-06 7.22887e-06 9.89988e-06 1.31235e-05 1.57941e-05 1.70826e-05 1.76693e-05 1.87462e-05 1.96297e-05 2.05394e-05 2.15295e-05 2.32475e-05 2.54707e-05 2.74997e-05 2.87726e-05 3.0127e-05 3.30563e-05 3.80139e-05 4.50479e-05 5.16369e-05 5.56804e-05 5.68962e-05 
