5.68964e-05 3.20488e-05 2.14496e-05 1.66261e-05 1.37834e-05 1.15899e-05 1.1352e-05 9.84202e-06 1.68994e-05 1.0202e-05 2.77558e-06 -2.91036e-06 -7.33499e-06 -5.45298e-06 -3.45329e-06 -1.41722e-06 2.60908e-06 7.50495e-06 1.10553e-05 1.26084e-05 3.54346e-06 2.50651e-06 6.69155e-06 8.95266e-06 1.15756e-05 9.93131e-06 1.04713e-05 1.71239e-05 2.65528e-05 3.54053e-05 3.20488e-05 2.00099e-05 1.52215e-05 1.30275e-05 1.17309e-05 1.13324e-05 1.284e-05 1.41272e-05 1.95559e-05 1.68997e-05 1.37847e-05 1.17248e-05 1.07958e-05 1.33918e-05 1.6125e-05 1.89381e-05 2.16437e-05 2.41459e-05 2.51516e-05 2.43948e-05 1.82096e-05 1.70961e-05 2.11685e-05 2.37975e-05 2.63402e-05 2.58818e-05 2.65953e-05 3.26017e-05 4.1061e-05 4.94432e-05 2.14496e-05 1.52215e-05 1.31338e-05 1.21568e-05 1.15093e-05 1.20023e-05 1.45459e-05 1.74141e-05 2.24797e-05 2.1731e-05 2.05765e-05 2.02115e-05 2.10296e-05 2.42005e-05 2.75387e-05 3.10139e-05 3.32253e-05 3.46375e-05 3.43888e-05 3.23517e-05 2.70971e-05 2.57856e-05 3.01879e-05 3.32467e-05 3.60416e-05 3.61888e-05 3.70703e-05 4.33465e-05 5.19954e-05 6.10064e-05 1.66261e-05 1.30275e-05 1.21568e-05 1.17291e-05 1.13903e-05 1.22882e-05 1.52907e-05 1.88601e-05 2.37313e-05 2.38457e-05 2.35918e-05 2.40028e-05 2.56093e-05 2.90306e-05 3.26301e-05 3.63854e-05 3.83706e-05 3.92945e-05 3.84807e-05 3.58748e-05 3.10778e-05 2.96977e-05 3.42191e-05 3.74551e-05 4.0333e-05 4.07482e-05 4.16977e-05 4.80442e-05 5.67445e-05 6.59604e-05 1.37834e-05 1.17309e-05 1.15093e-05 1.13903e-05 1.15776e-05 1.28332e-05 1.61018e-05 2.00327e-05 2.43915e-05 2.50882e-05 2.57276e-05 2.68854e-05 2.90674e-05 3.26444e-05 3.63562e-05 4.00848e-05 4.19808e-05 4.27438e-05 4.15592e-05 3.8652e-05 3.46966e-05 3.36595e-05 3.78526e-05 4.10172e-05 4.34194e-05 4.39016e-05 4.47757e-05 5.03842e-05 5.88677e-05 6.6981e-05 1.15899e-05 1.13324e-05 1.20023e-05 1.22882e-05 1.28332e-05 1.45723e-05 1.85518e-05 2.34388e-05 2.80122e-05 2.94703e-05 3.09772e-05 3.29425e-05 3.60025e-05 4.01675e-05 4.44761e-05 4.87745e-05 5.07177e-05 5.12258e-05 4.94657e-05 4.58114e-05 4.19386e-05 4.08457e-05 4.54759e-05 4.90737e-05 5.16519e-05 5.23668e-05 5.33558e-05 5.94093e-05 6.87932e-05 7.76017e-05 1.1352e-05 1.284e-05 1.45459e-05 1.52907e-05 1.61018e-05 1.85518e-05 2.39091e-05 3.05956e-05 3.63598e-05 3.87818e-05 4.12146e-05 4.41612e-05 4.85506e-05 5.39959e-05 5.96439e-05 6.53319e-05 6.76251e-05 6.7898e-05 6.52893e-05 6.02601e-05 5.55181e-05 5.39842e-05 6.00367e-05 6.47625e-05 6.82249e-05 6.93394e-05 7.06698e-05 7.85929e-05 9.05786e-05 0.000102202 9.84202e-06 1.41272e-05 1.74141e-05 1.88601e-05 2.00327e-05 2.34388e-05 3.05956e-05 3.96633e-05 4.68809e-05 5.06896e-05 5.44369e-05 5.87433e-05 6.49422e-05 7.20135e-05 7.93685e-05 8.68476e-05 8.95059e-05 8.93527e-05 8.55693e-05 7.87128e-05 7.29559e-05 7.08198e-05 7.86877e-05 8.48572e-05 8.94838e-05 9.1165e-05 9.29436e-05 0.000103262 0.000118468 0.00013373 1.68994e-05 1.95559e-05 2.24797e-05 2.37313e-05 2.43915e-05 2.80122e-05 3.63598e-05 4.68809e-05 5.6496e-05 6.02179e-05 6.34291e-05 6.75525e-05 7.42359e-05 8.26689e-05 9.15084e-05 0.000100689 0.000104121 0.000104244 0.000100207 9.22967e-05 8.39759e-05 8.08897e-05 9.0993e-05 9.86437e-05 0.000104972 0.000106897 0.000109175 0.000122865 0.000141849 0.000162093 1.0202e-05 1.68997e-05 2.1731e-05 2.38457e-05 2.50882e-05 2.94703e-05 3.87818e-05 5.06896e-05 6.02179e-05 6.5381e-05 7.01538e-05 7.56609e-05 8.37811e-05 9.28708e-05 0.000102383 0.000112233 0.000115451 0.000114879 0.000109848 0.000100832 9.30849e-05 8.9901e-05 0.000100405 0.000108525 0.00011504 0.000117406 0.000119829 0.000133858 0.000153475 0.000174353 2.77558e-06 1.37847e-05 2.05765e-05 2.35918e-05 2.57276e-05 3.09772e-05 4.12146e-05 5.44369e-05 6.34291e-05 7.01538e-05 7.68553e-05 8.40294e-05 9.36979e-05 0.000103392 0.00011348 0.000123779 0.000126756 0.000125536 0.000119459 0.000109381 0.000102817 9.98741e-05 0.000110359 0.000118745 0.000124959 0.000127703 0.00013016 0.000143753 0.000163608 0.000183927 -2.91036e-06 1.17248e-05 2.02115e-05 2.40028e-05 2.68854e-05 3.29425e-05 4.41612e-05 5.87433e-05 6.75525e-05 7.56609e-05 8.40294e-05 9.26799e-05 0.000103798 0.000114209 0.000125003 0.000135916 0.000138784 0.00013703 0.000129984 0.000118824 0.000113007 0.000110175 0.000120917 0.000129724 0.000135867 0.000138973 0.000141521 0.000155127 0.00017568 0.00019609 -7.33499e-06 1.07958e-05 2.10296e-05 2.56093e-05 2.90674e-05 3.60025e-05 4.85506e-05 6.49422e-05 7.42359e-05 8.37811e-05 9.36979e-05 0.000103798 0.000116545 0.00012804 0.00013995 0.000151974 0.000154893 0.000152595 0.000144466 0.000131892 0.000126101 0.000123051 0.000134709 0.000144368 0.000150989 0.000154568 0.000157363 0.000172007 0.000194262 0.000216304 -5.45298e-06 1.33918e-05 2.42005e-05 2.90306e-05 3.26444e-05 4.01675e-05 5.39959e-05 7.20135e-05 8.26689e-05 9.28708e-05 0.000103392 0.000114209 0.00012804 0.000140803 0.000154039 0.000167432 0.000170829 0.000168496 0.000159704 0.000145901 0.000138982 0.000135493 0.000148624 0.000159416 0.000166943 0.000170832 0.000173963 0.000190574 0.000215605 0.000240567 -3.45329e-06 1.6125e-05 2.75387e-05 3.26301e-05 3.63562e-05 4.44761e-05 5.96439e-05 7.93685e-05 9.15084e-05 0.000102383 0.00011348 0.000125003 0.00013995 0.000154039 0.000168668 0.000183521 0.000187414 0.000185029 0.00017555 0.00016046 0.000152273 0.000148272 0.000163001 0.000175004 0.000183554 0.00018778 0.000191278 0.000210063 0.000238036 0.00026623 -1.41722e-06 1.89381e-05 3.10139e-05 3.63854e-05 4.00848e-05 4.87745e-05 6.53319e-05 8.68476e-05 0.000100689 0.000112233 0.000123779 0.000135916 0.000151974 0.000167432 0.000183521 0.000199967 0.000204352 0.000201857 0.00019168 0.00017524 0.000165506 0.000160812 0.000177362 0.000190692 0.000200523 0.000205136 0.000209063 0.000230424 0.000261543 0.000293595 2.60908e-06 2.16437e-05 3.32253e-05 3.83706e-05 4.19808e-05 5.07177e-05 6.76251e-05 8.95059e-05 0.000104121 0.000115451 0.000126756 0.000138784 0.000154893 0.000170829 0.000187414 0.000204352 0.000209125 0.000206936 0.000196783 0.000180092 0.000169547 0.00016471 0.00018189 0.000195661 0.000205849 0.000210439 0.000214481 0.000236719 0.000269179 0.000302461 7.50495e-06 2.41459e-05 3.46375e-05 3.92945e-05 4.27438e-05 5.12258e-05 6.7898e-05 8.93527e-05 0.000104244 0.000114879 0.000125536 0.00013703 0.000152595 0.000168496 0.000185029 0.000201857 0.000206936 0.000205247 0.000195515 0.000179181 0.000168202 0.000163482 0.000180656 0.000194383 0.00020447 0.000208825 0.000212819 0.000235057 0.00026783 0.000300995 1.10553e-05 2.51516e-05 3.43888e-05 3.84807e-05 4.15592e-05 4.94657e-05 6.52893e-05 8.55693e-05 0.000100207 0.000109848 0.000119459 0.000129984 0.000144466 0.000159704 0.00017555 0.00019168 0.000196783 0.000195515 0.000186514 0.000171102 0.000160042 0.000155483 0.000172091 0.00018529 0.000195059 0.000199083 0.000202917 0.000224509 0.000256299 0.000288428 1.26084e-05 2.43948e-05 3.23517e-05 3.58748e-05 3.8652e-05 4.58114e-05 6.02601e-05 7.87128e-05 9.22967e-05 0.000100832 0.000109381 0.000118824 0.000131892 0.000145901 0.00016046 0.00017524 0.000180092 0.000179181 0.000171102 0.000157096 0.000146738 0.000142625 0.000157884 0.000169999 0.000178906 0.000182488 0.000185984 0.000205807 0.000235209 0.000264643 3.54346e-06 1.82096e-05 2.70971e-05 3.10778e-05 3.46966e-05 4.19386e-05 5.55181e-05 7.29559e-05 8.39759e-05 9.30849e-05 0.000102817 0.000113007 0.000126101 0.000138982 0.000152273 0.000165506 0.000169547 0.000168202 0.000160042 0.000146738 0.000139338 0.0001363 0.000149308 0.000160036 0.000167094 0.000170534 0.000173534 0.0001898 0.000215574 0.00023976 2.50651e-06 1.70961e-05 2.57856e-05 2.96977e-05 3.36595e-05 4.08457e-05 5.39842e-05 7.08198e-05 8.08897e-05 8.9901e-05 9.98741e-05 0.000110175 0.000123051 0.000135493 0.000148272 0.000160812 0.00016471 0.000163482 0.000155483 0.000142625 0.0001363 0.000133839 0.000145879 0.000156011 0.000162166 0.000165413 0.000168167 0.000182861 0.000207351 0.000229138 6.69155e-06 2.11685e-05 3.01879e-05 3.42191e-05 3.78526e-05 4.54759e-05 6.00367e-05 7.86877e-05 9.0993e-05 0.000100405 0.000110359 0.000120917 0.000134709 0.000148624 0.000163001 0.000177362 0.00018189 0.000180656 0.000172091 0.000157884 0.000149308 0.000145879 0.000160171 0.000171852 0.000179719 0.000183355 0.000186637 0.000204667 0.000232879 0.000259656 8.95266e-06 2.37975e-05 3.32467e-05 3.74551e-05 4.10172e-05 4.90737e-05 6.47625e-05 8.48572e-05 9.86437e-05 0.000108525 0.000118745 0.000129724 0.000144368 0.000159416 0.000175004 0.000190692 0.000195661 0.000194383 0.00018529 0.000169999 0.000160036 0.000156011 0.000171852 0.000184646 0.000193612 0.000197551 0.000201193 0.000221434 0.000252319 0.000282397 1.15756e-05 2.63402e-05 3.60416e-05 4.0333e-05 4.34194e-05 5.16519e-05 6.82249e-05 8.94838e-05 0.000104972 0.00011504 0.000124959 0.000135867 0.000150989 0.000166943 0.000183554 0.000200523 0.000205849 0.00020447 0.000195059 0.000178906 0.000167094 0.000162166 0.000179719 0.000193612 0.000204052 0.000208303 0.000212363 0.000235288 0.000268678 0.000302815 9.93131e-06 2.58818e-05 3.61888e-05 4.07482e-05 4.39016e-05 5.23668e-05 6.93394e-05 9.1165e-05 0.000106897 0.000117406 0.000127703 0.000138973 0.000154568 0.000170832 0.00018778 0.000205136 0.000210439 0.000208825 0.000199083 0.000182488 0.000170534 0.000165413 0.000183355 0.000197551 0.000208303 0.000212736 0.000216908 0.000240378 0.000274309 0.000309312 1.04713e-05 2.65953e-05 3.70703e-05 4.16977e-05 4.47757e-05 5.33558e-05 7.06698e-05 9.29436e-05 0.000109175 0.000119829 0.00013016 0.000141521 0.000157363 0.000173963 0.000191278 0.000209063 0.000214481 0.000212819 0.000202917 0.000185984 0.000173534 0.000168167 0.000186637 0.000201193 0.000212363 0.000216908 0.000221208 0.000245466 0.000280224 0.000316416 1.71239e-05 3.26017e-05 4.33465e-05 4.80442e-05 5.03842e-05 5.94093e-05 7.85929e-05 0.000103262 0.000122865 0.000133858 0.000143753 0.000155127 0.000172007 0.000190574 0.000210063 0.000230424 0.000236719 0.000235057 0.000224509 0.000205807 0.0001898 0.000182861 0.000204667 0.000221434 0.000235288 0.000240378 0.000245466 0.000274811 0.000314835 0.000358656 2.65528e-05 4.1061e-05 5.19954e-05 5.67445e-05 5.88677e-05 6.87932e-05 9.05786e-05 0.000118468 0.000141849 0.000153475 0.000163608 0.00017568 0.000194262 0.000215605 0.000238036 0.000261543 0.000269179 0.00026783 0.000256299 0.000235209 0.000215574 0.000207351 0.000232879 0.000252319 0.000268678 0.000274309 0.000280224 0.000314835 0.000361649 0.00041323 3.54053e-05 4.94432e-05 6.10064e-05 6.59604e-05 6.6981e-05 7.76017e-05 0.000102202 0.00013373 0.000162093 0.000174353 0.000183927 0.00019609 0.000216304 0.000240567 0.00026623 0.000293595 0.000302461 0.000300995 0.000288428 0.000264643 0.00023976 0.000229138 0.000259656 0.000282397 0.000302815 0.000309312 0.000316416 0.000358656 0.00041323 0.000476278 
0.00199263 0.00163813 0.00143361 0.00130063 0.00120364 0.00113021 0.00111805 0.00118984 0.00124237 0.00119137 0.00112353 0.00102542 0.000957633 0.000923543 0.000906874 0.000870175 0.000805182 0.000759503 0.00074054 0.000703288 0.000632228 0.000568077 0.00051027 0.000515949 0.000521936 0.000483916 0.000420105 0.000374856 0.000362697 0.000301785 0.00163813 0.00140385 0.00126832 0.0011717 0.0010975 0.00103733 0.00102201 0.00107738 0.00110847 0.00106408 0.00100612 0.000935805 0.000890031 0.000866117 0.000852634 0.000820845 0.000761057 0.000709887 0.000678625 0.000633998 0.000574104 0.000524138 0.00049002 0.000495994 0.000497109 0.000463283 0.000409886 0.000370723 0.000359972 0.00030987 0.00143361 0.00126832 0.00117242 0.00109688 0.00103571 0.000983022 0.000965993 0.00101189 0.00103072 0.000990195 0.00093801 0.000883667 0.000850534 0.000832449 0.000820699 0.00079166 0.000734919 0.00068076 0.000642391 0.000593489 0.000540056 0.000498265 0.000477772 0.000483812 0.000481912 0.000450351 0.000403009 0.000367575 0.000357833 0.000314209 0.00130063 0.0011717 0.00109688 0.00103377 0.000979994 0.000931593 0.000914515 0.000954703 0.000967464 0.000929942 0.000882015 0.000836549 0.000810179 0.00079523 0.000784237 0.000756925 0.000703112 0.000649322 0.000608285 0.000558318 0.000509334 0.000472478 0.000459012 0.000464594 0.000460549 0.000430286 0.000387154 0.000355103 0.000346748 0.000308124 0.00120364 0.0010975 0.00103571 0.000979994 0.000931606 0.000887081 0.000869941 0.000906327 0.000915306 0.000879963 0.000835034 0.000795331 0.000773212 0.000760344 0.000750358 0.000724832 0.000673564 0.00062053 0.000579092 0.000529771 0.000484088 0.000450606 0.000441171 0.000446762 0.000442444 0.000414071 0.000373885 0.000343501 0.000335345 0.000299278 0.00113021 0.00103733 0.000983022 0.000931593 0.000887081 0.000845853 0.000828852 0.000862676 0.000869563 0.000835959 0.000793329 0.000757247 0.000737639 0.000726087 0.000717081 0.000693227 0.00064433 0.000592618 0.00055223 0.000504628 0.000461526 0.000430385 0.000422956 0.000428675 0.000424933 0.000398553 0.00036057 0.000331128 0.000322748 0.000288079 0.00111805 0.00102201 0.000965993 0.000914515 0.000869941 0.000828852 0.000812564 0.000846242 0.000853992 0.000820994 0.000779077 0.000742645 0.000722534 0.000710785 0.00070168 0.000678041 0.000630134 0.000580124 0.000541112 0.000494848 0.000452333 0.000421342 0.000413101 0.0004185 0.000414677 0.000388473 0.000351038 0.00032241 0.000314503 0.000280625 0.00118984 0.00107738 0.00101189 0.000954703 0.000906327 0.000862676 0.000846242 0.000882756 0.000893152 0.000858452 0.000814198 0.000773567 0.000750375 0.000737142 0.000727482 0.000702677 0.000652834 0.000601996 0.000563367 0.000516719 0.000471733 0.000438248 0.000427041 0.000432615 0.000429383 0.000402071 0.000362374 0.000332123 0.000323717 0.000287508 0.00124237 0.00110847 0.00103072 0.000967464 0.000915306 0.000869563 0.000853992 0.000893152 0.000907515 0.000872018 0.000826475 0.000781075 0.000753994 0.000738984 0.000728767 0.000703275 0.000653064 0.000603965 0.000568075 0.000523333 0.000476792 0.000441035 0.0004255 0.000430883 0.00042846 0.000400574 0.000359421 0.000328531 0.000320093 0.000282446 0.00119137 0.00106408 0.000990195 0.000929942 0.000879963 0.000835959 0.000820994 0.000858452 0.000872018 0.000837962 0.000794294 0.000750966 0.000725195 0.00071087 0.000700989 0.000676432 0.00062816 0.000580887 0.000546067 0.000502793 0.000458142 0.000423915 0.00040932 0.000414427 0.000411832 0.000384894 0.000345448 0.000315962 0.000308019 0.000272123 0.00112353 0.00100612 0.00093801 0.000882015 0.000835034 0.000793329 0.000779077 0.000814198 0.000826475 0.000794294 0.000753082 0.00071271 0.000688874 0.000675537 0.000666095 0.000642743 0.000596927 0.000551833 0.000518125 0.000476524 0.000434359 0.000402222 0.000389138 0.000393893 0.000390974 0.000365231 0.000328041 0.000300408 0.000293127 0.000259584 0.00102542 0.000935805 0.000883667 0.000836549 0.000795331 0.000757247 0.000742645 0.000773567 0.000781075 0.000750966 0.00071271 0.000679039 0.000660342 0.000649424 0.000640825 0.000618969 0.000575204 0.000529912 0.000494283 0.000451964 0.000413033 0.000384556 0.000376752 0.000381446 0.000377502 0.000353136 0.000318925 0.000293201 0.000286417 0.000255912 0.000957633 0.000890031 0.000850534 0.000810179 0.000773212 0.000737639 0.000722534 0.000750375 0.000753994 0.000725195 0.000688874 0.000660342 0.000645685 0.000636641 0.000628634 0.000607732 0.000565071 0.000518974 0.000481244 0.000437739 0.000400969 0.00037516 0.000371662 0.000376378 0.000371536 0.000347993 0.000315795 0.000291296 0.00028482 0.000256415 0.000923543 0.000866117 0.000832449 0.00079523 0.000760344 0.000726087 0.000710785 0.000737142 0.000738984 0.00071087 0.000675537 0.000649424 0.000636641 0.00062848 0.000620802 0.000600438 0.000558432 0.000512112 0.000473612 0.000429768 0.000394105 0.00036959 0.000368032 0.000372771 0.000367617 0.000344587 0.000313402 0.000289479 0.000283103 0.000255671 0.000906874 0.000852634 0.000820699 0.000784237 0.000750358 0.000717081 0.00070168 0.000727482 0.000728767 0.000700989 0.000666095 0.000640825 0.000628634 0.000620802 0.000613489 0.000593628 0.000552138 0.000505954 0.000467802 0.00042446 0.000389366 0.000365377 0.00036425 0.000369151 0.000364432 0.000342082 0.000311337 0.000287341 0.000280651 0.000253205 0.000870175 0.000820845 0.00079166 0.000756925 0.000724832 0.000693227 0.000678041 0.000702677 0.000703275 0.000676432 0.000642743 0.000618969 0.000607732 0.000600438 0.000593628 0.000574669 0.000534554 0.000489424 0.000452289 0.000410248 0.000376487 0.000353583 0.000353046 0.00035799 0.000353717 0.000332472 0.000302849 0.000279343 0.000272528 0.000245736 0.000805182 0.000761057 0.000734919 0.000703112 0.000673564 0.00064433 0.000630134 0.000652834 0.000653064 0.00062816 0.000596927 0.000575204 0.000565071 0.000558432 0.000552138 0.000534554 0.000497266 0.000455142 0.000420367 0.000381096 0.000349817 0.000328697 0.000328556 0.000333167 0.000329117 0.000309395 0.000281958 0.000260151 0.000253821 0.000229024 0.000759503 0.000709887 0.00068076 0.000649322 0.00062053 0.000592618 0.000580124 0.000601996 0.000603965 0.000580887 0.000551833 0.000529912 0.000518974 0.000512112 0.000505954 0.000489424 0.000455142 0.000417476 0.000386654 0.000351363 0.000322082 0.00030179 0.000299871 0.000303865 0.000300154 0.000281596 0.000255923 0.000236004 0.000230488 0.000207543 0.00074054 0.000678625 0.000642391 0.000608285 0.000579092 0.00055223 0.000541112 0.000563367 0.000568075 0.000546067 0.000518125 0.000494283 0.000481244 0.000473612 0.000467802 0.000452289 0.000420367 0.000386654 0.000360589 0.000329763 0.00030154 0.000281076 0.000275914 0.000279725 0.000277557 0.000260479 0.000235571 0.000216126 0.000210472 0.000187534 0.000703288 0.000633998 0.000593489 0.000558318 0.000529771 0.000504628 0.000494848 0.000516719 0.000523333 0.000502793 0.000476524 0.000451964 0.000437739 0.000429768 0.00042446 0.000410248 0.000381096 0.000351363 0.000329763 0.000303328 0.000276774 0.000256807 0.000249329 0.000252936 0.000252131 0.000236796 0.000213213 0.000194614 0.000188924 0.000166564 0.000632228 0.000574104 0.000540056 0.000509334 0.000484088 0.000461526 0.000452333 0.000471733 0.000476792 0.000458142 0.000434359 0.000413033 0.000400969 0.000394105 0.000389366 0.000376487 0.000349817 0.000322082 0.00030154 0.000276774 0.000252794 0.000235045 0.000229291 0.000232644 0.000231679 0.000217733 0.000196459 0.000179564 0.000174363 0.000154222 0.000568077 0.000524138 0.000498265 0.000472478 0.000450606 0.000430385 0.000421342 0.000438248 0.000441035 0.000423915 0.000402222 0.000384556 0.00037516 0.00036959 0.000365377 0.000353583 0.000328697 0.00030179 0.000281076 0.000256807 0.000235045 0.000219498 0.000216265 0.00021948 0.000218092 0.000205212 0.000185954 0.000170461 0.000165653 0.000147519 0.00051027 0.00049002 0.000477772 0.000459012 0.000441171 0.000422956 0.000413101 0.000427041 0.0004255 0.00040932 0.000389138 0.000376752 0.000371662 0.000368032 0.00036425 0.000353046 0.000328556 0.000299871 0.000275914 0.000249329 0.000229291 0.000216265 0.000217902 0.000221161 0.000218473 0.00020592 0.000188335 0.000173902 0.000169463 0.000153335 0.000515949 0.000495994 0.000483812 0.000464594 0.000446762 0.000428675 0.0004185 0.000432615 0.000430883 0.000414427 0.000393893 0.000381446 0.000376378 0.000372771 0.000369151 0.00035799 0.000333167 0.000303865 0.000279725 0.000252936 0.000232644 0.00021948 0.000221161 0.000224654 0.000222353 0.000209971 0.000192101 0.000177088 0.000172221 0.000155441 0.000521936 0.000497109 0.000481912 0.000460549 0.000442444 0.000424933 0.000414677 0.000429383 0.00042846 0.000411832 0.000390974 0.000377502 0.000371536 0.000367617 0.000364432 0.000353717 0.000329117 0.000300154 0.000277557 0.000252131 0.000231679 0.000218092 0.000218473 0.000222353 0.000221434 0.000209935 0.000191736 0.000175731 0.000169958 0.000151834 0.000483916 0.000463283 0.000450351 0.000430286 0.000414071 0.000398553 0.000388473 0.000402071 0.000400574 0.000384894 0.000365231 0.000353136 0.000347993 0.000344587 0.000342082 0.000332472 0.000309395 0.000281596 0.000260479 0.000236796 0.000217733 0.000205212 0.00020592 0.000209971 0.000209935 0.000199891 0.000182804 0.000167016 0.000160826 0.000143002 0.000420105 0.000409886 0.000403009 0.000387154 0.000373885 0.00036057 0.000351038 0.000362374 0.000359421 0.000345448 0.000328041 0.000318925 0.000315795 0.000313402 0.000311337 0.000302849 0.000281958 0.000255923 0.000235571 0.000213213 0.000196459 0.000185954 0.000188335 0.000192101 0.000191736 0.000182804 0.000167811 0.000153682 0.000148059 0.000132394 0.000374856 0.000370723 0.000367575 0.000355103 0.000343501 0.000331128 0.00032241 0.000332123 0.000328531 0.000315962 0.000300408 0.000293201 0.000291296 0.000289479 0.000287341 0.000279343 0.000260151 0.000236004 0.000216126 0.000194614 0.000179564 0.000170461 0.000173902 0.000177088 0.000175731 0.000167016 0.000153682 0.000141526 0.000137021 0.000123774 0.000362697 0.000359972 0.000357833 0.000346748 0.000335345 0.000322748 0.000314503 0.000323717 0.000320093 0.000308019 0.000293127 0.000286417 0.00028482 0.000283103 0.000280651 0.000272528 0.000253821 0.000230488 0.000210472 0.000188924 0.000174363 0.000165653 0.000169463 0.000172221 0.000169958 0.000160826 0.000148059 0.000137021 0.000133361 0.000121448 0.000301785 0.00030987 0.000314209 0.000308124 0.000299278 0.000288079 0.000280625 0.000287508 0.000282446 0.000272123 0.000259584 0.000255912 0.000256415 0.000255671 0.000253205 0.000245736 0.000229024 0.000207543 0.000187534 0.000166564 0.000154222 0.000147519 0.000153335 0.000155441 0.000151834 0.000143002 0.000132394 0.000123774 0.000121448 0.000112612 
0.00217653 0.00167668 0.0013974 0.00123948 0.00107475 0.000953983 0.000911076 0.000961557 0.000965896 0.000833972 0.000703649 0.000585674 0.000497909 0.000450678 0.000400714 0.000355541 0.000296705 0.000253238 0.000204295 0.000123856 6.41597e-05 4.16961e-05 0.000101206 0.000107573 0.000102811 7.47464e-05 7.12067e-05 0.000126119 0.000171543 0.000204769 0.00167668 0.00136153 0.00118024 0.00106268 0.000932296 0.000832275 0.000793512 0.00081618 0.000808683 0.000707561 0.000607876 0.000519623 0.000457707 0.000421509 0.000383417 0.000346915 0.000296004 0.000257427 0.000216406 0.00015428 0.000102453 7.81894e-05 0.00011703 0.000120672 0.00011515 9.06631e-05 8.53212e-05 0.000125514 0.000159548 0.000183069 0.0013974 0.00118024 0.00105118 0.000955877 0.000844907 0.000756988 0.000720968 0.000729318 0.000716047 0.000632096 0.000549451 0.000477586 0.000429683 0.000399632 0.000368145 0.000336631 0.000290553 0.000255069 0.000218718 0.000166825 0.000119789 9.50038e-05 0.000122854 0.000125084 0.00011932 9.7057e-05 9.09138e-05 0.000123108 0.000150864 0.000169223 0.00123948 0.00106268 0.000955877 0.000872274 0.000773032 0.000693459 0.000660219 0.000663966 0.000649763 0.000575413 0.000502249 0.000439085 0.000397879 0.000371264 0.000343426 0.0003151 0.000272958 0.000240316 0.00020732 0.000161248 0.000118176 9.45914e-05 0.000117735 0.000119439 0.00011394 9.35516e-05 8.75186e-05 0.000115646 0.000140059 0.000155951 0.00107475 0.000932296 0.000844907 0.000773032 0.000686769 0.000616782 0.000587045 0.000587615 0.000573292 0.000508912 0.000445854 0.000391721 0.000356945 0.000333928 0.000309839 0.00028485 0.000247541 0.000218642 0.000189552 0.000149683 0.00011186 9.06727e-05 0.000109274 0.000110397 0.000104867 8.66304e-05 8.08806e-05 0.000104246 0.000125106 0.000137472 0.000953983 0.000832275 0.000756988 0.000693459 0.000616782 0.000554224 0.000527429 0.000526772 0.000513197 0.000456089 0.000400272 0.000352488 0.000322033 0.000301627 0.000280267 0.000257908 0.000224451 0.000198529 0.000172498 0.000137139 0.000103338 8.41939e-05 0.000100081 0.000100932 9.57115e-05 7.92861e-05 7.39611e-05 9.42865e-05 0.000112674 0.000123085 0.000911076 0.000793512 0.000720968 0.000660219 0.000587045 0.000527429 0.00050195 0.000501637 0.000488891 0.000434341 0.000381011 0.000335318 0.000306122 0.000286629 0.000266223 0.000244908 0.000213058 0.000188392 0.000163593 0.000129823 9.76377e-05 7.94743e-05 9.47947e-05 9.56366e-05 9.07043e-05 7.50764e-05 7.00449e-05 8.95223e-05 0.000107107 0.00011713 0.000961557 0.00081618 0.000729318 0.000663966 0.000587615 0.000526772 0.000501637 0.00050634 0.000496372 0.000438641 0.000381987 0.000332834 0.000300246 0.000279599 0.000257948 0.000236061 0.000204093 0.000179504 0.000154322 0.000118672 8.62414e-05 6.90009e-05 8.75164e-05 8.88774e-05 8.45019e-05 6.89446e-05 6.44941e-05 8.60817e-05 0.000105023 0.000116842 0.000965896 0.000808683 0.000716047 0.000649763 0.000573292 0.000513197 0.000488891 0.000496372 0.000488422 0.000430339 0.000373041 0.000323015 0.000289299 0.000268497 0.000246697 0.000225147 0.000193829 0.000169748 0.000144946 0.000109055 7.69778e-05 6.04269e-05 8.05297e-05 8.22577e-05 7.8638e-05 6.35827e-05 5.9644e-05 8.23688e-05 0.000101711 0.000115015 0.000833972 0.000707561 0.000632096 0.000575413 0.000508912 0.000456089 0.000434341 0.000438641 0.000430339 0.000380256 0.000330871 0.000288022 0.000259669 0.000241732 0.000222963 0.000204134 0.000176345 0.000154868 0.00013301 0.000101996 7.35091e-05 5.82805e-05 7.47136e-05 7.60415e-05 7.26818e-05 5.93032e-05 5.55565e-05 7.49155e-05 9.1492e-05 0.000102732 0.000703649 0.000607876 0.000549451 0.000502249 0.000445854 0.000400272 0.000381011 0.000381987 0.000373041 0.000330871 0.000289526 0.00025396 0.000230978 0.000215898 0.000200114 0.000183836 0.000159597 0.000140834 0.000121903 9.57923e-05 7.11826e-05 5.75165e-05 6.99953e-05 7.07966e-05 6.73039e-05 5.54819e-05 5.18258e-05 6.72896e-05 8.10016e-05 8.93141e-05 0.000585674 0.000519623 0.000477586 0.000439085 0.000391721 0.000352488 0.000335318 0.000332834 0.000323015 0.000288022 0.00025396 0.000225049 0.000207088 0.000194597 0.000181527 0.00016752 0.000146329 0.000129867 0.00011349 9.18067e-05 7.05166e-05 5.80478e-05 6.67697e-05 6.70675e-05 6.34288e-05 5.29409e-05 4.9299e-05 6.12167e-05 7.23175e-05 7.79828e-05 0.000497909 0.000457707 0.000429683 0.000397879 0.000356945 0.000322033 0.000306122 0.000300246 0.000289299 0.000259669 0.000230978 0.000207088 0.000193144 0.00018258 0.000171555 0.000159195 0.000139943 0.000124861 0.000110195 9.17647e-05 7.2499e-05 6.04429e-05 6.61128e-05 6.60172e-05 6.23171e-05 5.2703e-05 4.89666e-05 5.83483e-05 6.75047e-05 7.14263e-05 0.000450678 0.000421509 0.000399632 0.000371264 0.000333928 0.000301627 0.000286629 0.000279599 0.000268497 0.000241732 0.000215898 0.000194597 0.00018258 0.000173044 0.000163103 0.000151703 0.000133723 0.000119589 0.00010598 8.93055e-05 7.13623e-05 5.98089e-05 6.41313e-05 6.38786e-05 6.02301e-05 5.12063e-05 4.75286e-05 5.56444e-05 6.37967e-05 6.68842e-05 0.000400714 0.000383417 0.000368145 0.000343426 0.000309839 0.000280267 0.000266223 0.000257948 0.000246697 0.000222963 0.000200114 0.000181527 0.000171555 0.000163103 0.000154311 0.000143945 0.00012728 0.000114108 0.000101602 8.67686e-05 7.01458e-05 5.90553e-05 6.19865e-05 6.15866e-05 5.80553e-05 4.96639e-05 4.6057e-05 5.29273e-05 6.00376e-05 6.2393e-05 0.000355541 0.000346915 0.000336631 0.0003151 0.00028485 0.000257908 0.000244908 0.000236061 0.000225147 0.000204134 0.000183836 0.00016752 0.000159195 0.000151703 0.000143945 0.000134639 0.000119281 0.000107039 9.56113e-05 8.23994e-05 6.69428e-05 5.63171e-05 5.83737e-05 5.7951e-05 5.48006e-05 4.71176e-05 4.37042e-05 4.98337e-05 5.61047e-05 5.83653e-05 0.000296705 0.000296004 0.000290553 0.000272958 0.000247541 0.000224451 0.000213058 0.000204093 0.000193829 0.000176345 0.000159597 0.000146329 0.000139943 0.000133723 0.00012728 0.000119281 0.000105991 9.5389e-05 8.5561e-05 7.45681e-05 6.13231e-05 5.1965e-05 5.2857e-05 5.23151e-05 4.92973e-05 4.25679e-05 3.94249e-05 4.40267e-05 4.90977e-05 5.02941e-05 0.000253238 0.000257427 0.000255069 0.000240316 0.000218642 0.000198529 0.000188392 0.000179504 0.000169748 0.000154868 0.000140834 0.000129867 0.000124861 0.000119589 0.000114108 0.000107039 9.5389e-05 8.61423e-05 7.7555e-05 6.82428e-05 5.68729e-05 4.86752e-05 4.86614e-05 4.79902e-05 4.49188e-05 3.88915e-05 3.59422e-05 3.91847e-05 4.33225e-05 4.33546e-05 0.000204295 0.000216406 0.000218718 0.00020732 0.000189552 0.000172498 0.000163593 0.000154322 0.000144946 0.00013301 0.000121903 0.00011349 0.000110195 0.00010598 0.000101602 9.56113e-05 8.5561e-05 7.7555e-05 7.02298e-05 6.27457e-05 5.30433e-05 4.57193e-05 4.46572e-05 4.38851e-05 4.09557e-05 3.5683e-05 3.29249e-05 3.49548e-05 3.80987e-05 3.73603e-05 0.000123856 0.00015428 0.000166825 0.000161248 0.000149683 0.000137139 0.000129823 0.000118672 0.000109055 0.000101996 9.57923e-05 9.18067e-05 9.17647e-05 8.93055e-05 8.67686e-05 8.23994e-05 7.45681e-05 6.82428e-05 6.27457e-05 5.82685e-05 5.09247e-05 4.45573e-05 4.11893e-05 4.0134e-05 3.72318e-05 3.29666e-05 3.03089e-05 3.00898e-05 3.15055e-05 2.91923e-05 6.41597e-05 0.000102453 0.000119789 0.000118176 0.00011186 0.000103338 9.76377e-05 8.62414e-05 7.69778e-05 7.35091e-05 7.11826e-05 7.05166e-05 7.2499e-05 7.13623e-05 7.01458e-05 6.69428e-05 6.13231e-05 5.68729e-05 5.30433e-05 5.09247e-05 4.62784e-05 4.15635e-05 3.66428e-05 3.5309e-05 3.20617e-05 2.86561e-05 2.61642e-05 2.369e-05 2.37267e-05 1.92265e-05 4.16961e-05 7.81894e-05 9.50038e-05 9.45914e-05 9.06727e-05 8.41939e-05 7.94743e-05 6.90009e-05 6.04269e-05 5.82805e-05 5.75165e-05 5.80478e-05 6.04429e-05 5.98089e-05 5.90553e-05 5.63171e-05 5.1965e-05 4.86752e-05 4.57193e-05 4.45573e-05 4.15635e-05 3.81349e-05 3.28954e-05 3.14551e-05 2.79403e-05 2.4991e-05 2.2677e-05 1.91104e-05 1.86043e-05 1.2816e-05 0.000101206 0.00011703 0.000122854 0.000117735 0.000109274 0.000100081 9.47947e-05 8.75164e-05 8.05297e-05 7.47136e-05 6.99953e-05 6.67697e-05 6.61128e-05 6.41313e-05 6.19865e-05 5.83737e-05 5.2857e-05 4.86614e-05 4.46572e-05 4.11893e-05 3.66428e-05 3.28954e-05 3.04309e-05 2.94759e-05 2.65736e-05 2.32762e-05 2.12597e-05 2.02226e-05 2.12428e-05 1.78502e-05 0.000107573 0.000120672 0.000125084 0.000119439 0.000110397 0.000100932 9.56366e-05 8.88774e-05 8.22577e-05 7.60415e-05 7.07966e-05 6.70675e-05 6.60172e-05 6.38786e-05 6.15866e-05 5.7951e-05 5.23151e-05 4.79902e-05 4.38851e-05 4.0134e-05 3.5309e-05 3.14551e-05 2.94759e-05 2.86389e-05 2.59867e-05 2.27137e-05 2.07887e-05 2.02886e-05 2.1537e-05 1.88088e-05 0.000102811 0.00011515 0.00011932 0.00011394 0.000104867 9.57115e-05 9.07043e-05 8.45019e-05 7.8638e-05 7.26818e-05 6.73039e-05 6.34288e-05 6.23171e-05 6.02301e-05 5.80553e-05 5.48006e-05 4.92973e-05 4.49188e-05 4.09557e-05 3.72318e-05 3.20617e-05 2.79403e-05 2.65736e-05 2.59867e-05 2.4089e-05 2.11182e-05 1.94353e-05 1.98903e-05 2.12996e-05 2.01501e-05 7.47464e-05 9.06631e-05 9.7057e-05 9.35516e-05 8.66304e-05 7.92861e-05 7.50764e-05 6.89446e-05 6.35827e-05 5.93032e-05 5.54819e-05 5.29409e-05 5.2703e-05 5.12063e-05 4.96639e-05 4.71176e-05 4.25679e-05 3.88915e-05 3.5683e-05 3.29666e-05 2.86561e-05 2.4991e-05 2.32762e-05 2.27137e-05 2.11182e-05 1.8666e-05 1.71751e-05 1.72502e-05 1.81689e-05 1.70547e-05 7.12067e-05 8.53212e-05 9.09138e-05 8.75186e-05 8.08806e-05 7.39611e-05 7.00449e-05 6.44941e-05 5.9644e-05 5.55565e-05 5.18258e-05 4.9299e-05 4.89666e-05 4.75286e-05 4.6057e-05 4.37042e-05 3.94249e-05 3.59422e-05 3.29249e-05 3.03089e-05 2.61642e-05 2.2677e-05 2.12597e-05 2.07887e-05 1.94353e-05 1.71751e-05 1.58271e-05 1.61338e-05 1.70702e-05 1.63586e-05 0.000126119 0.000125514 0.000123108 0.000115646 0.000104246 9.42865e-05 8.95223e-05 8.60817e-05 8.23688e-05 7.49155e-05 6.72896e-05 6.12167e-05 5.83483e-05 5.56444e-05 5.29273e-05 4.98337e-05 4.40267e-05 3.91847e-05 3.49548e-05 3.00898e-05 2.369e-05 1.91104e-05 2.02226e-05 2.02886e-05 1.98903e-05 1.72502e-05 1.61338e-05 1.93846e-05 2.18405e-05 2.43715e-05 0.000171543 0.000159548 0.000150864 0.000140059 0.000125106 0.000112674 0.000107107 0.000105023 0.000101711 9.1492e-05 8.10016e-05 7.23175e-05 6.75047e-05 6.37967e-05 6.00376e-05 5.61047e-05 4.90977e-05 4.33225e-05 3.80987e-05 3.15055e-05 2.37267e-05 1.86043e-05 2.12428e-05 2.1537e-05 2.12996e-05 1.81689e-05 1.70702e-05 2.18405e-05 2.5337e-05 2.91295e-05 0.000204769 0.000183069 0.000169223 0.000155951 0.000137472 0.000123085 0.00011713 0.000116842 0.000115015 0.000102732 8.93141e-05 7.79828e-05 7.14263e-05 6.68842e-05 6.2393e-05 5.83653e-05 5.02941e-05 4.33546e-05 3.73603e-05 2.91923e-05 1.92265e-05 1.2816e-05 1.78502e-05 1.88088e-05 2.01501e-05 1.70547e-05 1.63586e-05 2.43715e-05 2.91295e-05 3.71585e-05 
