0.00185241 0.00116459 0.000750207 0.000477665 0.000282249 0.000122849 1.28726e-05 -6.26162e-05 -0.000119185 -0.000157296 -0.000185091 -0.000203576 -0.000213946 -0.000218217 -0.000220282 -0.000222317 -0.00022348 -0.000225357 -0.000229913 -0.000233886 -0.000235527 -0.000236342 -0.000235745 -0.000233961 -0.000233945 -0.000235562 -0.000236443 -0.000235148 -0.000234518 -0.000234742 0.00116459 0.000733292 0.000473708 0.000303246 0.000180305 7.9293e-05 9.58791e-06 -3.82091e-05 -7.40405e-05 -9.82523e-05 -0.000115854 -0.000127575 -0.000134135 -0.000136888 -0.000138242 -0.000139589 -0.000140411 -0.000141654 -0.000144505 -0.000146995 -0.000148073 -0.000148622 -0.000148236 -0.00014713 -0.000147116 -0.000148146 -0.000148714 -0.000147887 -0.00014744 -0.000147598 0.000750207 0.000473708 0.000307584 0.000198814 0.000119516 5.35045e-05 7.937e-06 -2.32513e-05 -4.66477e-05 -6.25416e-05 -7.40293e-05 -8.16982e-05 -8.5972e-05 -8.78254e-05 -8.87631e-05 -8.97098e-05 -9.0346e-05 -9.12221e-05 -9.30425e-05 -9.46377e-05 -9.53871e-05 -9.57821e-05 -9.55217e-05 -9.48278e-05 -9.48144e-05 -9.54928e-05 -9.58758e-05 -9.53285e-05 -9.49807e-05 -9.51025e-05 0.000477665 0.000303246 0.000198814 0.000130831 8.02169e-05 3.70346e-05 7.20806e-06 -1.31372e-05 -2.84187e-05 -3.89019e-05 -4.6399e-05 -5.14265e-05 -5.42062e-05 -5.54841e-05 -5.61612e-05 -5.6861e-05 -5.73967e-05 -5.80463e-05 -5.91856e-05 -6.01905e-05 -6.07347e-05 -6.10375e-05 -6.0857e-05 -6.04378e-05 -6.04239e-05 -6.08745e-05 -6.1139e-05 -6.07725e-05 -6.04778e-05 -6.05798e-05 0.000282249 0.000180305 0.000119516 8.02169e-05 5.02245e-05 2.39184e-05 5.73651e-06 -6.61955e-06 -1.59131e-05 -2.23567e-05 -2.6912e-05 -2.99819e-05 -3.16645e-05 -3.24867e-05 -3.29417e-05 -3.34218e-05 -3.38279e-05 -3.42747e-05 -3.49343e-05 -3.55208e-05 -3.58882e-05 -3.61023e-05 -3.59855e-05 -3.57534e-05 -3.57415e-05 -3.60205e-05 -3.61911e-05 -3.5962e-05 -3.57377e-05 -3.58147e-05 0.000122849 7.9293e-05 5.35045e-05 3.70346e-05 2.39184e-05 1.18931e-05 3.57315e-06 -2.0483e-06 -6.28552e-06 -9.27167e-06 -1.13457e-05 -1.27541e-05 -1.35157e-05 -1.39224e-05 -1.41605e-05 -1.44179e-05 -1.46599e-05 -1.49003e-05 -1.51775e-05 -1.54274e-05 -1.56207e-05 -1.57396e-05 -1.56814e-05 -1.55917e-05 -1.55838e-05 -1.57146e-05 -1.57991e-05 -1.56904e-05 -1.55561e-05 -1.56019e-05 1.28726e-05 9.58791e-06 7.937e-06 7.20806e-06 5.73651e-06 3.57315e-06 2.0637e-06 1.09253e-06 3.46878e-07 -2.50967e-07 -6.11574e-07 -8.72541e-07 -9.98281e-07 -1.11758e-06 -1.20534e-06 -1.3084e-06 -1.43615e-06 -1.53332e-06 -1.54685e-06 -1.56462e-06 -1.63738e-06 -1.69007e-06 -1.67241e-06 -1.68082e-06 -1.67576e-06 -1.70407e-06 -1.72917e-06 -1.70354e-06 -1.63207e-06 -1.65605e-06 -6.26162e-05 -3.82091e-05 -2.32513e-05 -1.31372e-05 -6.61955e-06 -2.0483e-06 1.09253e-06 3.29868e-06 4.93807e-06 5.96862e-06 6.77859e-06 7.30088e-06 7.60987e-06 7.6849e-06 7.69791e-06 7.69788e-06 7.64461e-06 7.64295e-06 7.811e-06 7.95289e-06 7.96091e-06 7.95207e-06 7.94234e-06 7.86593e-06 7.86921e-06 7.91065e-06 7.92574e-06 7.89486e-06 7.92547e-06 7.91569e-06 -0.000119185 -7.40405e-05 -4.66477e-05 -2.84187e-05 -1.59131e-05 -6.28552e-06 3.46878e-07 4.93807e-06 8.36793e-06 1.06218e-05 1.23105e-05 1.34209e-05 1.40562e-05 1.42776e-05 1.43668e-05 1.44448e-05 1.44484e-05 1.45191e-05 1.48231e-05 1.50845e-05 1.51536e-05 1.51781e-05 1.51477e-05 1.50205e-05 1.50224e-05 1.51163e-05 1.51617e-05 1.50883e-05 1.50877e-05 1.50887e-05 -0.000157296 -9.82523e-05 -6.25416e-05 -3.89019e-05 -2.23567e-05 -9.27167e-06 -2.50967e-07 5.96862e-06 1.06218e-05 1.37159e-05 1.60047e-05 1.75177e-05 1.83754e-05 1.86999e-05 1.88439e-05 1.89788e-05 1.90265e-05 1.915e-05 1.95446e-05 1.98861e-05 1.99994e-05 2.00485e-05 2.00036e-05 1.98432e-05 1.98439e-05 1.99739e-05 2.00407e-05 1.99378e-05 1.99129e-05 1.99224e-05 -0.000185091 -0.000115854 -7.40293e-05 -4.6399e-05 -2.6912e-05 -1.13457e-05 -6.11574e-07 6.77859e-06 1.23105e-05 1.60047e-05 1.87247e-05 2.05264e-05 2.15442e-05 2.19403e-05 2.21216e-05 2.22945e-05 2.23699e-05 2.25286e-05 2.29901e-05 2.33904e-05 2.35335e-05 2.35988e-05 2.35438e-05 2.33584e-05 2.33585e-05 2.35142e-05 2.35957e-05 2.34721e-05 2.3432e-05 2.34468e-05 -0.000203576 -0.000127575 -8.16982e-05 -5.14265e-05 -2.99819e-05 -1.27541e-05 -8.72541e-07 7.30088e-06 1.34209e-05 1.75177e-05 2.05264e-05 2.25214e-05 2.36463e-05 2.40911e-05 2.42979e-05 2.44971e-05 2.45921e-05 2.47752e-05 2.52809e-05 2.57202e-05 2.58838e-05 2.59604e-05 2.58985e-05 2.56967e-05 2.56963e-05 2.58693e-05 2.59609e-05 2.58232e-05 2.57724e-05 2.57909e-05 -0.000213946 -0.000134135 -8.5972e-05 -5.42062e-05 -3.16645e-05 -1.35157e-05 -9.98281e-07 7.60987e-06 1.40562e-05 1.83754e-05 2.15442e-05 2.36463e-05 2.48307e-05 2.53018e-05 2.55222e-05 2.57352e-05 2.58399e-05 2.60359e-05 2.65666e-05 2.70279e-05 2.72023e-05 2.72848e-05 2.72192e-05 2.70079e-05 2.70073e-05 2.71898e-05 2.72869e-05 2.71415e-05 2.70853e-05 2.71056e-05 -0.000218217 -0.000136888 -8.78254e-05 -5.54841e-05 -3.24867e-05 -1.39224e-05 -1.11758e-06 7.6849e-06 1.42776e-05 1.86999e-05 2.19403e-05 2.40911e-05 2.53018e-05 2.57869e-05 2.60153e-05 2.6237e-05 2.63499e-05 2.6554e-05 2.70944e-05 2.75644e-05 2.77454e-05 2.78319e-05 2.77643e-05 2.75499e-05 2.7549e-05 2.7736e-05 2.7836e-05 2.76868e-05 2.76261e-05 2.7648e-05 -0.000220282 -0.000138242 -8.87631e-05 -5.61612e-05 -3.29417e-05 -1.41605e-05 -1.20534e-06 7.69791e-06 1.43668e-05 1.88439e-05 2.21216e-05 2.42979e-05 2.55222e-05 2.60153e-05 2.62488e-05 2.64761e-05 2.65947e-05 2.6804e-05 2.73489e-05 2.78229e-05 2.8008e-05 2.80971e-05 2.80284e-05 2.78128e-05 2.78117e-05 2.80011e-05 2.81028e-05 2.79516e-05 2.78877e-05 2.79106e-05 -0.000222317 -0.000139589 -8.97098e-05 -5.6861e-05 -3.34218e-05 -1.44179e-05 -1.3084e-06 7.69788e-06 1.44448e-05 1.89788e-05 2.22945e-05 2.44971e-05 2.57352e-05 2.6237e-05 2.64761e-05 2.67096e-05 2.68349e-05 2.70501e-05 2.75991e-05 2.8077e-05 2.82667e-05 2.83589e-05 2.82889e-05 2.80722e-05 2.80709e-05 2.82629e-05 2.83663e-05 2.8213e-05 2.81454e-05 2.81696e-05 -0.00022348 -0.000140411 -9.0346e-05 -5.73967e-05 -3.38279e-05 -1.46599e-05 -1.43615e-06 7.64461e-06 1.44484e-05 1.90265e-05 2.23699e-05 2.45921e-05 2.58399e-05 2.63499e-05 2.65947e-05 2.68349e-05 2.69682e-05 2.71896e-05 2.77404e-05 2.82203e-05 2.84147e-05 2.85102e-05 2.8439e-05 2.82225e-05 2.82209e-05 2.84149e-05 2.85201e-05 2.83649e-05 2.82928e-05 2.83185e-05 -0.000225357 -0.000141654 -9.12221e-05 -5.80463e-05 -3.42747e-05 -1.49003e-05 -1.53332e-06 7.64295e-06 1.45191e-05 1.915e-05 2.25286e-05 2.47752e-05 2.60359e-05 2.6554e-05 2.6804e-05 2.70501e-05 2.71896e-05 2.74166e-05 2.79712e-05 2.84546e-05 2.86533e-05 2.87517e-05 2.86793e-05 2.84619e-05 2.846e-05 2.86564e-05 2.87633e-05 2.86061e-05 2.85305e-05 2.85574e-05 -0.000229913 -0.000144505 -9.30425e-05 -5.91856e-05 -3.49343e-05 -1.51775e-05 -1.54685e-06 7.811e-06 1.48231e-05 1.95446e-05 2.29901e-05 2.52809e-05 2.65666e-05 2.70944e-05 2.73489e-05 2.75991e-05 2.77404e-05 2.79712e-05 2.85372e-05 2.90305e-05 2.92326e-05 2.93326e-05 2.92589e-05 2.90369e-05 2.9035e-05 2.92352e-05 2.93441e-05 2.91838e-05 2.91073e-05 2.91346e-05 -0.000233886 -0.000146995 -9.46377e-05 -6.01905e-05 -3.55208e-05 -1.54274e-05 -1.56462e-06 7.95289e-06 1.50845e-05 1.98861e-05 2.33904e-05 2.57202e-05 2.70279e-05 2.75644e-05 2.78229e-05 2.8077e-05 2.82203e-05 2.84546e-05 2.90305e-05 2.95323e-05 2.97377e-05 2.98392e-05 2.97642e-05 2.95383e-05 2.95364e-05 2.974e-05 2.98507e-05 2.96877e-05 2.96102e-05 2.96379e-05 -0.000235527 -0.000148073 -9.53871e-05 -6.07347e-05 -3.58882e-05 -1.56207e-05 -1.63738e-06 7.96091e-06 1.51536e-05 1.99994e-05 2.35335e-05 2.58838e-05 2.72023e-05 2.77454e-05 2.8008e-05 2.82667e-05 2.84147e-05 2.86533e-05 2.92326e-05 2.97377e-05 2.99465e-05 3.00501e-05 2.99742e-05 2.97473e-05 2.97453e-05 2.99509e-05 3.00629e-05 2.98983e-05 2.98181e-05 2.98467e-05 -0.000236342 -0.000148622 -9.57821e-05 -6.10375e-05 -3.61023e-05 -1.57396e-05 -1.69007e-06 7.95207e-06 1.51781e-05 2.00485e-05 2.35988e-05 2.59604e-05 2.72848e-05 2.78319e-05 2.80971e-05 2.83589e-05 2.85102e-05 2.87517e-05 2.93326e-05 2.98392e-05 3.00501e-05 3.01552e-05 3.00788e-05 2.98516e-05 2.98494e-05 3.00561e-05 3.0169e-05 3.00034e-05 2.99214e-05 2.99505e-05 -0.000235745 -0.000148236 -9.55217e-05 -6.0857e-05 -3.59855e-05 -1.56814e-05 -1.67241e-06 7.94234e-06 1.51477e-05 2.00036e-05 2.35438e-05 2.58985e-05 2.72192e-05 2.77643e-05 2.80284e-05 2.82889e-05 2.8439e-05 2.86793e-05 2.92589e-05 2.97642e-05 2.99742e-05 3.00788e-05 3.00025e-05 2.97758e-05 2.97737e-05 2.99798e-05 3.00922e-05 2.99272e-05 2.98458e-05 2.98747e-05 -0.000233961 -0.00014713 -9.48278e-05 -6.04378e-05 -3.57534e-05 -1.55917e-05 -1.68082e-06 7.86593e-06 1.50205e-05 1.98432e-05 2.33584e-05 2.56967e-05 2.70079e-05 2.75499e-05 2.78128e-05 2.80722e-05 2.82225e-05 2.84619e-05 2.90369e-05 2.95383e-05 2.97473e-05 2.98516e-05 2.97758e-05 2.9551e-05 2.95489e-05 2.97536e-05 2.98654e-05 2.97014e-05 2.96199e-05 2.96489e-05 -0.000233945 -0.000147116 -9.48144e-05 -6.04239e-05 -3.57415e-05 -1.55838e-05 -1.67576e-06 7.86921e-06 1.50224e-05 1.98439e-05 2.33585e-05 2.56963e-05 2.70073e-05 2.7549e-05 2.78117e-05 2.80709e-05 2.82209e-05 2.846e-05 2.9035e-05 2.95364e-05 2.97453e-05 2.98494e-05 2.97737e-05 2.95489e-05 2.95467e-05 2.97513e-05 2.98631e-05 2.96992e-05 2.96179e-05 2.96468e-05 -0.000235562 -0.000148146 -9.54928e-05 -6.08745e-05 -3.60205e-05 -1.57146e-05 -1.70407e-06 7.91065e-06 1.51163e-05 1.99739e-05 2.35142e-05 2.58693e-05 2.71898e-05 2.7736e-05 2.80011e-05 2.82629e-05 2.84149e-05 2.86564e-05 2.92352e-05 2.974e-05 2.99509e-05 3.00561e-05 2.99798e-05 2.97536e-05 2.97513e-05 2.99575e-05 3.00702e-05 2.9905e-05 2.98226e-05 2.98519e-05 -0.000236443 -0.000148714 -9.58758e-05 -6.1139e-05 -3.61911e-05 -1.57991e-05 -1.72917e-06 7.92574e-06 1.51617e-05 2.00407e-05 2.35957e-05 2.59609e-05 2.72869e-05 2.7836e-05 2.81028e-05 2.83663e-05 2.85201e-05 2.87633e-05 2.93441e-05 2.98507e-05 3.00629e-05 3.0169e-05 3.00922e-05 2.98654e-05 2.98631e-05 3.00702e-05 3.01835e-05 3.00175e-05 2.99341e-05 2.99637e-05 -0.000235148 -0.000147887 -9.53285e-05 -6.07725e-05 -3.5962e-05 -1.56904e-05 -1.70354e-06 7.89486e-06 1.50883e-05 1.99378e-05 2.34721e-05 2.58232e-05 2.71415e-05 2.76868e-05 2.79516e-05 2.8213e-05 2.83649e-05 2.86061e-05 2.91838e-05 2.96877e-05 2.98983e-05 3.00034e-05 2.99272e-05 2.97014e-05 2.96992e-05 2.9905e-05 3.00175e-05 2.98526e-05 2.97702e-05 2.97995e-05 -0.000234518 -0.00014744 -9.49807e-05 -6.04778e-05 -3.57377e-05 -1.55561e-05 -1.63207e-06 7.92547e-06 1.50877e-05 1.99129e-05 2.3432e-05 2.57724e-05 2.70853e-05 2.76261e-05 2.78877e-05 2.81454e-05 2.82928e-05 2.85305e-05 2.91073e-05 2.96102e-05 2.98181e-05 2.99214e-05 2.98458e-05 2.96199e-05 2.96179e-05 2.98226e-05 2.99341e-05 2.97702e-05 2.96903e-05 2.97188e-05 -0.000234742 -0.000147598 -9.51025e-05 -6.05798e-05 -3.58147e-05 -1.56019e-05 -1.65605e-06 7.91569e-06 1.50887e-05 1.99224e-05 2.34468e-05 2.57909e-05 2.71056e-05 2.7648e-05 2.79106e-05 2.81696e-05 2.83185e-05 2.85574e-05 2.91346e-05 2.96379e-05 2.98467e-05 2.99505e-05 2.98747e-05 2.96489e-05 2.96468e-05 2.98519e-05 2.99637e-05 2.97995e-05 2.97188e-05 2.97475e-05 
0.0016451 0.00110804 0.00082447 0.000663109 0.000522217 0.000388845 0.000297157 0.000219735 0.000144235 9.2749e-05 6.41507e-05 4.79291e-05 3.11629e-05 1.26747e-05 -8.68599e-06 -2.19541e-05 -3.20138e-05 -4.50445e-05 -5.91466e-05 -6.87043e-05 -7.71804e-05 -8.43521e-05 -9.14862e-05 -9.79512e-05 -9.96187e-05 -9.3454e-05 -8.07291e-05 -7.56779e-05 -8.18473e-05 -9.20715e-05 0.00110804 0.000837 0.000693646 0.000615099 0.0005331 0.000436179 0.000359676 0.000290596 0.000222927 0.000175283 0.000147107 0.000131325 0.000115202 9.5023e-05 7.2985e-05 5.84646e-05 4.74598e-05 3.43163e-05 1.9752e-05 1.02232e-05 2.35824e-06 -3.879e-06 -1.25475e-05 -2.07921e-05 -2.28236e-05 -1.56775e-05 -1.63823e-06 4.43852e-06 -2.22357e-06 -1.42808e-05 0.00082447 0.000693646 0.000624191 0.000589288 0.000538349 0.000460693 0.000392248 0.000327619 0.000264132 0.000218551 0.000190622 0.000175085 0.000159316 0.000138265 0.000115891 0.000100724 8.92321e-05 7.60409e-05 6.12464e-05 5.17415e-05 4.42051e-05 3.84651e-05 2.89971e-05 1.98234e-05 1.76022e-05 2.52584e-05 3.99766e-05 4.65875e-05 3.96722e-05 2.66613e-05 0.000663109 0.000615099 0.000589288 0.000580226 0.000547392 0.000480462 0.00041611 0.000353449 0.000291779 0.000246939 0.000218854 0.000203294 0.000187564 0.00016576 0.000142938 0.000127218 0.000115307 0.000101943 8.68484e-05 7.72538e-05 6.98323e-05 6.43283e-05 5.42763e-05 4.44442e-05 4.20847e-05 5.01311e-05 6.54182e-05 7.24224e-05 6.52792e-05 5.1553e-05 0.000522217 0.0005331 0.000538349 0.000547392 0.000528459 0.000471944 0.000413347 0.000354908 0.000297313 0.000255038 0.000228135 0.000213274 0.000198293 0.000176973 0.000154893 0.000139515 0.000127864 0.000114995 0.000100388 9.11723e-05 8.41701e-05 7.90803e-05 6.90899e-05 5.92582e-05 5.69123e-05 6.48565e-05 7.98315e-05 8.67834e-05 7.98121e-05 6.62263e-05 0.000388845 0.000436179 0.000460693 0.000480462 0.000471944 0.000426795 0.000376784 0.000325946 0.000275786 0.0002387 0.000214811 0.000201646 0.000188401 0.000169184 0.000149434 0.000135568 0.000125064 0.000113593 0.000100525 9.23256e-05 8.61792e-05 8.17808e-05 7.26707e-05 6.36673e-05 6.15276e-05 6.8738e-05 8.22538e-05 8.85871e-05 8.2312e-05 6.99593e-05 0.000297157 0.000359676 0.000392248 0.00041611 0.000413347 0.000376784 0.000334282 0.000290512 0.000247295 0.000215186 0.000194341 0.000182869 0.000171345 0.000154415 0.000137099 0.000124881 0.000115625 0.00010559 9.41314e-05 8.69677e-05 8.16442e-05 7.78743e-05 6.979e-05 6.17795e-05 5.98805e-05 6.62604e-05 7.81778e-05 8.37947e-05 7.8271e-05 6.7329e-05 0.000219735 0.000290596 0.000327619 0.000353449 0.000354908 0.000325946 0.000290512 0.000253547 0.000217023 0.000189759 0.000171924 0.000162122 0.000152288 0.000137671 0.000122789 0.000112238 0.000104244 9.56381e-05 8.57895e-05 7.96527e-05 7.51306e-05 7.19609e-05 6.49337e-05 5.79538e-05 5.63028e-05 6.18336e-05 7.21312e-05 7.7011e-05 7.22457e-05 6.27502e-05 0.000144235 0.000222927 0.000264132 0.000291779 0.000297313 0.000275786 0.000247295 0.000217023 0.000187082 0.000164584 0.000149715 0.000141558 0.000133389 0.000121053 0.00010857 9.9663e-05 9.29158e-05 8.57172e-05 7.7455e-05 7.233e-05 6.85968e-05 6.6017e-05 6.00336e-05 5.40717e-05 5.26657e-05 5.73584e-05 6.6058e-05 7.02101e-05 6.61927e-05 5.81252e-05 9.2749e-05 0.000175283 0.000218551 0.000246939 0.000255038 0.0002387 0.000215186 0.000189759 0.000164584 0.000145552 0.000132852 0.000125898 0.000118944 0.000108291 9.75705e-05 8.9877e-05 8.40493e-05 7.78828e-05 7.07863e-05 6.64024e-05 6.32427e-05 6.10885e-05 5.58807e-05 5.06774e-05 4.94534e-05 5.35252e-05 6.10447e-05 6.46562e-05 6.11904e-05 5.41822e-05 6.41507e-05 0.000147107 0.000190622 0.000218854 0.000228135 0.000214811 0.000194341 0.000171924 0.000149715 0.000132852 0.000121526 0.00011533 0.000109143 9.95708e-05 8.99733e-05 8.30592e-05 7.78221e-05 7.23113e-05 6.59579e-05 6.2044e-05 5.92435e-05 5.73522e-05 5.26482e-05 4.79395e-05 4.68339e-05 5.05042e-05 5.7265e-05 6.05259e-05 5.74136e-05 5.10914e-05 4.79291e-05 0.000131325 0.000175085 0.000203294 0.000213274 0.000201646 0.000182869 0.000162122 0.000141558 0.000125898 0.00011533 0.000109554 0.000103791 9.4815e-05 8.58378e-05 7.93536e-05 7.4442e-05 6.92936e-05 6.33505e-05 5.96963e-05 5.70949e-05 5.53497e-05 5.09228e-05 4.64862e-05 4.54456e-05 4.88948e-05 5.52374e-05 5.83053e-05 5.53881e-05 4.94435e-05 3.11629e-05 0.000115202 0.000159316 0.000187564 0.000198293 0.000188401 0.000171345 0.000152288 0.000133389 0.000118944 0.000109143 0.000103791 9.84561e-05 9.00798e-05 8.17278e-05 7.56762e-05 7.10924e-05 6.63093e-05 6.07797e-05 5.73876e-05 5.49873e-05 5.33902e-05 4.92418e-05 4.50782e-05 4.4103e-05 4.733e-05 5.32516e-05 5.61256e-05 5.34047e-05 4.78397e-05 1.26747e-05 9.5023e-05 0.000138265 0.00016576 0.000176973 0.000169184 0.000154415 0.000137671 0.000121053 0.000108291 9.95708e-05 9.4815e-05 9.00798e-05 8.25696e-05 7.51094e-05 6.96825e-05 6.55721e-05 6.13075e-05 5.6368e-05 5.33466e-05 5.12253e-05 4.98285e-05 4.60895e-05 4.233e-05 4.14509e-05 4.43535e-05 4.96662e-05 5.22556e-05 4.98176e-05 4.48081e-05 -8.68599e-06 7.2985e-05 0.000115891 0.000142938 0.000154893 0.000149434 0.000137099 0.000122789 0.00010857 9.75705e-05 8.99733e-05 8.58378e-05 8.17278e-05 7.51094e-05 6.85719e-05 6.37884e-05 6.01653e-05 5.64383e-05 5.21092e-05 4.94727e-05 4.76433e-05 4.64584e-05 4.31378e-05 3.97905e-05 3.90097e-05 4.15796e-05 4.62659e-05 4.8564e-05 4.64176e-05 4.1977e-05 -2.19541e-05 5.84646e-05 0.000100724 0.000127218 0.000139515 0.000135568 0.000124881 0.000112238 9.9663e-05 8.9877e-05 8.30592e-05 7.93536e-05 7.56762e-05 6.96825e-05 6.37884e-05 5.94556e-05 5.61741e-05 5.2821e-05 4.89176e-05 4.65484e-05 4.49202e-05 4.38797e-05 4.08545e-05 3.77988e-05 3.70874e-05 3.94233e-05 4.36702e-05 4.5763e-05 4.38207e-05 3.97808e-05 -3.20138e-05 4.74598e-05 8.92321e-05 0.000115307 0.000127864 0.000125064 0.000115625 0.000104244 9.29158e-05 8.40493e-05 7.78221e-05 7.4442e-05 7.10924e-05 6.55721e-05 6.01653e-05 5.61741e-05 5.31513e-05 5.00815e-05 4.65005e-05 4.4334e-05 4.28581e-05 4.1927e-05 3.91257e-05 3.62909e-05 3.5632e-05 3.77906e-05 4.17047e-05 4.36419e-05 4.18542e-05 3.8118e-05 -4.50445e-05 3.43163e-05 7.60409e-05 0.000101943 0.000114995 0.000113593 0.00010559 9.56381e-05 8.57172e-05 7.78828e-05 7.23113e-05 6.92936e-05 6.63093e-05 6.13075e-05 5.64383e-05 5.2821e-05 5.00815e-05 4.73252e-05 4.40999e-05 4.21579e-05 4.08529e-05 4.00464e-05 3.74876e-05 3.48913e-05 3.42894e-05 3.6255e-05 3.9805e-05 4.15734e-05 3.99553e-05 3.6549e-05 -5.91466e-05 1.9752e-05 6.12464e-05 8.68484e-05 0.000100388 0.000100525 9.41314e-05 8.57895e-05 7.7455e-05 7.07863e-05 6.59579e-05 6.33505e-05 6.07797e-05 5.6368e-05 5.21092e-05 4.89176e-05 4.65005e-05 4.40999e-05 4.12784e-05 3.9591e-05 3.84791e-05 3.78127e-05 3.55308e-05 3.32073e-05 3.26704e-05 3.44159e-05 3.75514e-05 3.9127e-05 3.77018e-05 3.46721e-05 -6.87043e-05 1.02232e-05 5.17415e-05 7.72538e-05 9.11723e-05 9.23256e-05 8.69677e-05 7.96527e-05 7.233e-05 6.64024e-05 6.2044e-05 5.96963e-05 5.73876e-05 5.33466e-05 4.94727e-05 4.65484e-05 4.4334e-05 4.21579e-05 3.9591e-05 3.80645e-05 3.70754e-05 3.64985e-05 3.43898e-05 3.22364e-05 3.17402e-05 3.33478e-05 3.6223e-05 3.76781e-05 3.63742e-05 3.35801e-05 -7.71804e-05 2.35824e-06 4.42051e-05 6.98323e-05 8.41701e-05 8.61792e-05 8.16442e-05 7.51306e-05 6.85968e-05 6.32427e-05 5.92435e-05 5.70949e-05 5.49873e-05 5.12253e-05 4.76433e-05 4.49202e-05 4.28581e-05 4.08529e-05 3.84791e-05 3.70754e-05 3.61812e-05 3.56747e-05 3.36946e-05 3.1667e-05 3.12009e-05 3.27056e-05 3.53852e-05 3.67508e-05 3.55382e-05 3.29197e-05 -8.43521e-05 -3.879e-06 3.84651e-05 6.43283e-05 7.90803e-05 8.17808e-05 7.78743e-05 7.19609e-05 6.6017e-05 6.10885e-05 5.73522e-05 5.53497e-05 5.33902e-05 4.98285e-05 4.64584e-05 4.38797e-05 4.1927e-05 4.00464e-05 3.78127e-05 3.64985e-05 3.56747e-05 3.52214e-05 3.33322e-05 3.13932e-05 3.09485e-05 3.23799e-05 3.49192e-05 3.62212e-05 3.50745e-05 3.25807e-05 -9.14862e-05 -1.25475e-05 2.89971e-05 5.42763e-05 6.90899e-05 7.26707e-05 6.979e-05 6.49337e-05 6.00336e-05 5.58807e-05 5.26482e-05 5.09228e-05 4.92418e-05 4.60895e-05 4.31378e-05 4.08545e-05 3.91257e-05 3.74876e-05 3.55308e-05 3.43898e-05 3.36946e-05 3.33322e-05 3.16386e-05 2.98933e-05 2.94945e-05 3.07717e-05 3.30228e-05 3.4189e-05 3.31758e-05 3.09467e-05 -9.79512e-05 -2.07921e-05 1.98234e-05 4.44442e-05 5.92582e-05 6.36673e-05 6.17795e-05 5.79538e-05 5.40717e-05 5.06774e-05 4.79395e-05 4.64862e-05 4.50782e-05 4.233e-05 3.97905e-05 3.77988e-05 3.62909e-05 3.48913e-05 3.32073e-05 3.22364e-05 3.1667e-05 3.13932e-05 2.98933e-05 2.83403e-05 2.7987e-05 2.91115e-05 3.10781e-05 3.21097e-05 3.12283e-05 2.92611e-05 -9.96187e-05 -2.28236e-05 1.76022e-05 4.20847e-05 5.69123e-05 6.15276e-05 5.98805e-05 5.63028e-05 5.26657e-05 4.94534e-05 4.68339e-05 4.54456e-05 4.4103e-05 4.14509e-05 3.90097e-05 3.70874e-05 3.5632e-05 3.42894e-05 3.26704e-05 3.17402e-05 3.12009e-05 3.09485e-05 2.94945e-05 2.7987e-05 2.76445e-05 2.87328e-05 3.06317e-05 3.16314e-05 3.07813e-05 2.88763e-05 -9.3454e-05 -1.56775e-05 2.52584e-05 5.01311e-05 6.48565e-05 6.8738e-05 6.62604e-05 6.18336e-05 5.73584e-05 5.35252e-05 5.05042e-05 4.88948e-05 4.733e-05 4.43535e-05 4.15796e-05 3.94233e-05 3.77906e-05 3.6255e-05 3.44159e-05 3.33478e-05 3.27056e-05 3.23799e-05 3.07717e-05 2.91115e-05 2.87328e-05 2.9943e-05 3.20701e-05 3.31771e-05 3.22211e-05 3.01071e-05 -8.07291e-05 -1.63823e-06 3.99766e-05 6.54182e-05 7.98315e-05 8.22538e-05 7.81778e-05 7.21312e-05 6.6058e-05 6.10447e-05 5.7265e-05 5.52374e-05 5.32516e-05 4.96662e-05 4.62659e-05 4.36702e-05 4.17047e-05 3.9805e-05 3.75514e-05 3.6223e-05 3.53852e-05 3.49192e-05 3.30228e-05 3.10781e-05 3.06317e-05 3.20701e-05 3.46254e-05 3.59327e-05 3.47779e-05 3.2273e-05 -7.56779e-05 4.43852e-06 4.65875e-05 7.24224e-05 8.67834e-05 8.85871e-05 8.37947e-05 7.7011e-05 7.02101e-05 6.46562e-05 6.05259e-05 5.83053e-05 5.61256e-05 5.22556e-05 4.8564e-05 4.5763e-05 4.36419e-05 4.15734e-05 3.9127e-05 3.76781e-05 3.67508e-05 3.62212e-05 3.4189e-05 3.21097e-05 3.16314e-05 3.31771e-05 3.59327e-05 3.73344e-05 3.60867e-05 3.33979e-05 -8.18473e-05 -2.22357e-06 3.96722e-05 6.52792e-05 7.98121e-05 8.2312e-05 7.8271e-05 7.22457e-05 6.61927e-05 6.11904e-05 5.74136e-05 5.53881e-05 5.34047e-05 4.98176e-05 4.64176e-05 4.38207e-05 4.18542e-05 3.99553e-05 3.77018e-05 3.63742e-05 3.55382e-05 3.50745e-05 3.31758e-05 3.12283e-05 3.07813e-05 3.22211e-05 3.47779e-05 3.60867e-05 3.49314e-05 3.24239e-05 -9.20715e-05 -1.42808e-05 2.66613e-05 5.1553e-05 6.62263e-05 6.99593e-05 6.7329e-05 6.27502e-05 5.81252e-05 5.41822e-05 5.10914e-05 4.94435e-05 4.78397e-05 4.48081e-05 4.1977e-05 3.97808e-05 3.8118e-05 3.6549e-05 3.46721e-05 3.35801e-05 3.29197e-05 3.25807e-05 3.09467e-05 2.92611e-05 2.88763e-05 3.01071e-05 3.2273e-05 3.33979e-05 3.24239e-05 3.02747e-05 
0.00148173 0.000919631 0.000576136 0.000342997 0.000193774 9.16282e-05 2.29253e-05 -2.29462e-05 -5.48783e-05 -7.25424e-05 -8.66138e-05 -9.70584e-05 -0.000104982 -0.000108512 -0.000112444 -0.000117408 -0.000120234 -0.00012136 -0.000124356 -0.000127359 -0.00012801 -0.000128987 -0.000129005 -0.000128442 -0.000132286 -0.000139401 -0.000148078 -0.000155067 -0.000160179 -0.000161079 0.000919631 0.000571425 0.000358674 0.000214225 0.000121839 5.87438e-05 1.63779e-05 -1.17937e-05 -3.12926e-05 -4.19429e-05 -5.04415e-05 -5.68338e-05 -6.17774e-05 -6.40456e-05 -6.66477e-05 -6.99503e-05 -7.18859e-05 -7.26344e-05 -7.44502e-05 -7.62982e-05 -7.67214e-05 -7.73805e-05 -7.74031e-05 -7.71094e-05 -7.96656e-05 -8.43579e-05 -9.01186e-05 -9.48058e-05 -9.81781e-05 -9.87871e-05 0.000576136 0.000358674 0.000225845 0.000135608 7.79684e-05 3.87538e-05 1.24978e-05 -4.84069e-06 -1.67237e-05 -2.30703e-05 -2.81502e-05 -3.2061e-05 -3.51854e-05 -3.66863e-05 -3.84848e-05 -4.07847e-05 -4.21861e-05 -4.27074e-05 -4.37994e-05 -4.49407e-05 -4.52258e-05 -4.56932e-05 -4.57194e-05 -4.55934e-05 -4.7372e-05 -5.05996e-05 -5.45994e-05 -5.78993e-05 -6.02202e-05 -6.06543e-05 0.000342997 0.000214225 0.000135608 8.21468e-05 4.80729e-05 2.50438e-05 9.70124e-06 -3.07158e-07 -7.04533e-06 -1.04946e-05 -1.32719e-05 -1.55054e-05 -1.73929e-05 -1.83673e-05 -1.96081e-05 -2.12107e-05 -2.22357e-05 -2.2599e-05 -2.3203e-05 -2.38659e-05 -2.40558e-05 -2.43891e-05 -2.44168e-05 -2.44004e-05 -2.56384e-05 -2.78509e-05 -3.06269e-05 -3.29589e-05 -3.4551e-05 -3.48626e-05 0.000193774 0.000121839 7.79684e-05 4.80729e-05 2.91072e-05 1.64702e-05 8.14236e-06 2.85776e-06 -5.53039e-07 -2.11426e-06 -3.3925e-06 -4.54266e-06 -5.64137e-06 -6.28698e-06 -7.18823e-06 -8.36829e-06 -9.17198e-06 -9.43946e-06 -9.72647e-06 -1.00815e-05 -1.02125e-05 -1.04655e-05 -1.04955e-05 -1.05552e-05 -1.14655e-05 -1.3058e-05 -1.50911e-05 -1.6841e-05 -1.79882e-05 -1.82267e-05 9.16282e-05 5.87438e-05 3.87538e-05 2.50438e-05 1.64702e-05 1.10129e-05 7.54695e-06 5.56134e-06 4.49835e-06 4.29821e-06 4.0976e-06 3.70878e-06 3.14429e-06 2.70686e-06 2.00256e-06 1.06303e-06 3.71079e-07 1.58106e-07 9.77201e-08 -4.3056e-08 -1.3794e-07 -3.47594e-07 -3.81678e-07 -5.0568e-07 -1.22902e-06 -2.45786e-06 -4.0648e-06 -5.49292e-06 -6.3794e-06 -6.57903e-06 2.29253e-05 1.63779e-05 1.24978e-05 9.70124e-06 8.14236e-06 7.54695e-06 7.3811e-06 7.64697e-06 8.19799e-06 8.94746e-06 9.49731e-06 9.63039e-06 9.42236e-06 9.11657e-06 8.52709e-06 7.72512e-06 7.08853e-06 6.90673e-06 7.00355e-06 7.00859e-06 6.9359e-06 6.74974e-06 6.71164e-06 6.5383e-06 5.92213e-06 4.90769e-06 3.54641e-06 2.29661e-06 1.56363e-06 1.38465e-06 -2.29462e-05 -1.17937e-05 -4.84069e-06 -3.07158e-07 2.85776e-06 5.56134e-06 7.64697e-06 9.46839e-06 1.11531e-05 1.25914e-05 1.36835e-05 1.41808e-05 1.42062e-05 1.39748e-05 1.34337e-05 1.26847e-05 1.20533e-05 1.18835e-05 1.20929e-05 1.21981e-05 1.21369e-05 1.19572e-05 1.19144e-05 1.16984e-05 1.11239e-05 1.02042e-05 8.94115e-06 7.74921e-06 7.08367e-06 6.90963e-06 -5.48783e-05 -3.12926e-05 -1.67237e-05 -7.04533e-06 -5.53039e-07 4.49835e-06 8.19799e-06 1.11531e-05 1.36814e-05 1.56525e-05 1.71619e-05 1.79282e-05 1.81116e-05 1.7919e-05 1.7384e-05 1.66341e-05 1.59754e-05 1.58054e-05 1.61007e-05 1.62783e-05 1.62217e-05 1.60377e-05 1.59897e-05 1.57344e-05 1.516e-05 1.42591e-05 1.30006e-05 1.17894e-05 1.11368e-05 1.09576e-05 -7.25424e-05 -4.19429e-05 -2.30703e-05 -1.04946e-05 -2.11426e-06 4.29821e-06 8.94746e-06 1.25914e-05 1.56525e-05 1.79831e-05 1.9772e-05 2.07057e-05 2.09711e-05 2.0784e-05 2.02189e-05 1.94226e-05 1.87114e-05 1.85308e-05 1.88827e-05 1.91036e-05 1.90457e-05 1.88484e-05 1.87951e-05 1.85066e-05 1.7897e-05 1.69492e-05 1.56155e-05 1.43216e-05 1.36347e-05 1.34422e-05 -8.66138e-05 -5.04415e-05 -2.81502e-05 -1.32719e-05 -3.3925e-06 4.0976e-06 9.49731e-06 1.36835e-05 1.71619e-05 1.9772e-05 2.17784e-05 2.28435e-05 2.31748e-05 2.29938e-05 2.24083e-05 2.15799e-05 2.08308e-05 2.0643e-05 2.10389e-05 2.12939e-05 2.12354e-05 2.10287e-05 2.09714e-05 2.06577e-05 2.00238e-05 1.90448e-05 1.76595e-05 1.63072e-05 1.55974e-05 1.53954e-05 -9.70584e-05 -5.68338e-05 -3.2061e-05 -1.55054e-05 -4.54266e-06 3.70878e-06 9.63039e-06 1.41808e-05 1.79282e-05 2.07057e-05 2.28435e-05 2.39945e-05 2.43781e-05 2.42115e-05 2.36315e-05 2.28077e-05 2.20536e-05 2.18668e-05 2.22899e-05 2.25682e-05 2.25117e-05 2.23047e-05 2.2246e-05 2.19207e-05 2.12905e-05 2.03237e-05 1.89481e-05 1.75972e-05 1.6896e-05 1.66934e-05 -0.000104982 -6.17774e-05 -3.51854e-05 -1.73929e-05 -5.64137e-06 3.14429e-06 9.42236e-06 1.42062e-05 1.81116e-05 2.09711e-05 2.31748e-05 2.43781e-05 2.48051e-05 2.46604e-05 2.41079e-05 2.33195e-05 2.25877e-05 2.24089e-05 2.28463e-05 2.314e-05 2.30877e-05 2.28881e-05 2.28299e-05 2.25038e-05 2.19009e-05 2.09832e-05 1.96689e-05 1.83692e-05 1.77033e-05 1.75076e-05 -0.000108512 -6.40456e-05 -3.66863e-05 -1.83673e-05 -6.28698e-06 2.70686e-06 9.11657e-06 1.39748e-05 1.7919e-05 2.0784e-05 2.29938e-05 2.42115e-05 2.46604e-05 2.45331e-05 2.40088e-05 2.32582e-05 2.25543e-05 2.23841e-05 2.28235e-05 2.31226e-05 2.3074e-05 2.28828e-05 2.2826e-05 2.25051e-05 2.19313e-05 2.10629e-05 1.98131e-05 1.85709e-05 1.79405e-05 1.77528e-05 -0.000112444 -6.66477e-05 -3.84848e-05 -1.96081e-05 -7.18823e-06 2.00256e-06 8.52709e-06 1.34337e-05 1.7384e-05 2.02189e-05 2.24083e-05 2.36315e-05 2.41079e-05 2.40088e-05 2.35348e-05 2.28519e-05 2.22001e-05 2.20453e-05 2.24818e-05 2.2785e-05 2.27429e-05 2.25672e-05 2.25132e-05 2.22045e-05 2.16828e-05 2.09013e-05 1.97669e-05 1.86291e-05 1.80615e-05 1.78886e-05 -0.000117408 -6.99503e-05 -4.07847e-05 -2.12107e-05 -8.36829e-06 1.06303e-06 7.72512e-06 1.26847e-05 1.66341e-05 1.94226e-05 2.15799e-05 2.28077e-05 2.33195e-05 2.32582e-05 2.28519e-05 2.22604e-05 2.16793e-05 2.15452e-05 2.1977e-05 2.22849e-05 2.22515e-05 2.20967e-05 2.20467e-05 2.17549e-05 2.13035e-05 2.06392e-05 1.96604e-05 1.86639e-05 1.81809e-05 1.80281e-05 -0.000120234 -7.18859e-05 -4.21861e-05 -2.22357e-05 -9.17198e-06 3.71079e-07 7.08853e-06 1.20533e-05 1.59754e-05 1.87114e-05 2.08308e-05 2.20536e-05 2.25877e-05 2.25543e-05 2.22001e-05 2.16793e-05 2.11536e-05 2.10355e-05 2.1461e-05 2.17702e-05 2.17433e-05 2.16048e-05 2.15581e-05 2.12806e-05 2.08835e-05 2.0309e-05 1.94504e-05 1.85635e-05 1.81454e-05 1.80083e-05 -0.00012136 -7.26344e-05 -4.27074e-05 -2.2599e-05 -9.43946e-06 1.58106e-07 6.90673e-06 1.18835e-05 1.58054e-05 1.85308e-05 2.0643e-05 2.18668e-05 2.24089e-05 2.23841e-05 2.20453e-05 2.15452e-05 2.10355e-05 2.09221e-05 2.13465e-05 2.16569e-05 2.16319e-05 2.14981e-05 2.14523e-05 2.11786e-05 2.07975e-05 2.02496e-05 1.94262e-05 1.85714e-05 1.81725e-05 1.80399e-05 -0.000124356 -7.44502e-05 -4.37994e-05 -2.3203e-05 -9.72647e-06 9.77201e-08 7.00355e-06 1.20929e-05 1.61007e-05 1.88827e-05 2.10389e-05 2.22899e-05 2.28463e-05 2.28235e-05 2.24818e-05 2.1977e-05 2.1461e-05 2.13465e-05 2.17799e-05 2.20974e-05 2.20724e-05 2.19372e-05 2.18906e-05 2.16121e-05 2.12274e-05 2.06754e-05 1.98446e-05 1.89806e-05 1.85788e-05 1.84446e-05 -0.000127359 -7.62982e-05 -4.49407e-05 -2.38659e-05 -1.00815e-05 -4.3056e-08 7.00859e-06 1.21981e-05 1.62783e-05 1.91036e-05 2.12939e-05 2.25682e-05 2.314e-05 2.31226e-05 2.2785e-05 2.22849e-05 2.17702e-05 2.16569e-05 2.20974e-05 2.24213e-05 2.23972e-05 2.22627e-05 2.22159e-05 2.19349e-05 2.15539e-05 2.10097e-05 2.01875e-05 1.93293e-05 1.8933e-05 1.87994e-05 -0.00012801 -7.67214e-05 -4.52258e-05 -2.40558e-05 -1.02125e-05 -1.3794e-07 6.9359e-06 1.21369e-05 1.62217e-05 1.90457e-05 2.12354e-05 2.25117e-05 2.30877e-05 2.3074e-05 2.27429e-05 2.22515e-05 2.17433e-05 2.16319e-05 2.20724e-05 2.23972e-05 2.2374e-05 2.22414e-05 2.2195e-05 2.19153e-05 2.1541e-05 2.1008e-05 2.02005e-05 1.93556e-05 1.89674e-05 1.88357e-05 -0.000128987 -7.73805e-05 -4.56932e-05 -2.43891e-05 -1.04655e-05 -3.47594e-07 6.74974e-06 1.19572e-05 1.60377e-05 1.88484e-05 2.10287e-05 2.23047e-05 2.28881e-05 2.28828e-05 2.25672e-05 2.20967e-05 2.16048e-05 2.14981e-05 2.19372e-05 2.22627e-05 2.22414e-05 2.21136e-05 2.20681e-05 2.17925e-05 2.14343e-05 2.0928e-05 2.01561e-05 1.93436e-05 1.89747e-05 1.88476e-05 -0.000129005 -7.74031e-05 -4.57194e-05 -2.44168e-05 -1.04955e-05 -3.81678e-07 6.71164e-06 1.19144e-05 1.59897e-05 1.87951e-05 2.09714e-05 2.2246e-05 2.28299e-05 2.2826e-05 2.25132e-05 2.20467e-05 2.15581e-05 2.14523e-05 2.18906e-05 2.22159e-05 2.2195e-05 2.20681e-05 2.20228e-05 2.17482e-05 2.1393e-05 2.08916e-05 2.01265e-05 1.93202e-05 1.89548e-05 1.88286e-05 -0.000128442 -7.71094e-05 -4.55934e-05 -2.44004e-05 -1.05552e-05 -5.0568e-07 6.5383e-06 1.16984e-05 1.57344e-05 1.85066e-05 2.06577e-05 2.19207e-05 2.25038e-05 2.25051e-05 2.22045e-05 2.17549e-05 2.12806e-05 2.11786e-05 2.16121e-05 2.19349e-05 2.19153e-05 2.17925e-05 2.17482e-05 2.14785e-05 2.11362e-05 2.06556e-05 1.9919e-05 1.91396e-05 1.87892e-05 1.8667e-05 -0.000132286 -7.96656e-05 -4.7372e-05 -2.56384e-05 -1.14655e-05 -1.22902e-06 5.92213e-06 1.11239e-05 1.516e-05 1.7897e-05 2.00238e-05 2.12905e-05 2.19009e-05 2.19313e-05 2.16828e-05 2.13035e-05 2.08835e-05 2.07975e-05 2.12274e-05 2.15539e-05 2.1541e-05 2.14343e-05 2.1393e-05 2.11362e-05 2.08481e-05 2.04576e-05 1.98407e-05 1.91699e-05 1.88846e-05 1.87777e-05 -0.000139401 -8.43579e-05 -5.05996e-05 -2.78509e-05 -1.3058e-05 -2.45786e-06 4.90769e-06 1.02042e-05 1.42591e-05 1.69492e-05 1.90448e-05 2.03237e-05 2.09832e-05 2.10629e-05 2.09013e-05 2.06392e-05 2.0309e-05 2.02496e-05 2.06754e-05 2.10097e-05 2.1008e-05 2.0928e-05 2.08916e-05 2.06556e-05 2.04576e-05 2.02177e-05 1.98003e-05 1.931e-05 1.91334e-05 1.90522e-05 -0.000148078 -9.01186e-05 -5.45994e-05 -3.06269e-05 -1.50911e-05 -4.0648e-06 3.54641e-06 8.94115e-06 1.30006e-05 1.56155e-05 1.76595e-05 1.89481e-05 1.96689e-05 1.98131e-05 1.97669e-05 1.96604e-05 1.94504e-05 1.94262e-05 1.98446e-05 2.01875e-05 2.02005e-05 2.01561e-05 2.01265e-05 1.9919e-05 1.98407e-05 1.98003e-05 1.96481e-05 1.93981e-05 1.93656e-05 1.93184e-05 -0.000155067 -9.48058e-05 -5.78993e-05 -3.29589e-05 -1.6841e-05 -5.49292e-06 2.29661e-06 7.74921e-06 1.17894e-05 1.43216e-05 1.63072e-05 1.75972e-05 1.83692e-05 1.85709e-05 1.86291e-05 1.86639e-05 1.85635e-05 1.85714e-05 1.89806e-05 1.93293e-05 1.93556e-05 1.93436e-05 1.93202e-05 1.91396e-05 1.91699e-05 1.931e-05 1.93981e-05 1.93665e-05 1.94644e-05 1.94483e-05 -0.000160179 -9.81781e-05 -6.02202e-05 -3.4551e-05 -1.79882e-05 -6.3794e-06 1.56363e-06 7.08367e-06 1.11368e-05 1.36347e-05 1.55974e-05 1.6896e-05 1.77033e-05 1.79405e-05 1.80615e-05 1.81809e-05 1.81454e-05 1.81725e-05 1.85788e-05 1.8933e-05 1.89674e-05 1.89747e-05 1.89548e-05 1.87892e-05 1.88846e-05 1.91334e-05 1.93656e-05 1.94644e-05 1.96408e-05 1.96432e-05 -0.000161079 -9.87871e-05 -6.06543e-05 -3.48626e-05 -1.82267e-05 -6.57903e-06 1.38465e-06 6.90963e-06 1.09576e-05 1.34422e-05 1.53954e-05 1.66934e-05 1.75076e-05 1.77528e-05 1.78886e-05 1.80281e-05 1.80083e-05 1.80399e-05 1.84446e-05 1.87994e-05 1.88357e-05 1.88476e-05 1.88286e-05 1.8667e-05 1.87777e-05 1.90522e-05 1.93184e-05 1.94483e-05 1.96432e-05 1.96499e-05 
